-,-,-
375.0,312.0,170.0
414.0,303.0,169.2
416.0,275.0,168.9
387.0,290.0,168.7
423.0,299.0,168.7
409.0,297.0,168.7
416.0,304.0,168.7
417.0,319.0,168.6
409.0,312.0,168.3
347.0,319.0,167.7
336.0,333.0,167.4
256.0,471.0,165.9
162.0,515.0,164.7
21.0,442.0,161.6
53.0,630.0,160.2
164.0,471.0,160.1
255.0,365.0,162.3
464.0,219.0,166.1
505.0,59.0,167.9
739.0,-103.0,170.8
905.0,-370.0,171.7
1011.0,-401.0,171.3
955.0,-457.0,171.3
814.0,-323.0,173.4
633.0,-190.0,173.6
474.0,-237.0,171.4
368.0,-40.0,167.2
282.0,61.0,165.2
53.0,247.0,162.9
-135.0,752.0,162.0
-220.0,893.0,161.6
-396.0,1181.0,159.4
-501.0,1048.0,155.1
-149.0,877.0,152.8
38.0,559.0,153.4
272.0,279.0,158.0
219.0,131.0,160.9
647.0,-311.0,166.1
793.0,-522.0,168.9
1221.0,-726.0,169.2
1172.0,-800.0,169.6
1035.0,-547.0,172.6
758.0,-431.0,174.3
462.0,-289.0,175.8
277.0,12.0,174.9
103.0,128.0,173.9
79.0,572.0,170.7
-26.0,742.0,168.7
-319.0,885.0,167.7
-249.0,1027.0,164.2
-195.0,1025.0,158.4
-168.0,726.0,154.8
96.0,572.0,149.7
267.0,285.0,150.6
320.0,87.0,152.3
489.0,-122.0,156.9
670.0,-355.0,160.5
810.0,-424.0,161.1
996.0,-683.0,160.2
748.0,-522.0,161.0
593.0,-276.0,161.2
581.0,-213.0,159.5
130.0,107.0,159.2
575.0,345.0,159.4
217.0,575.0,160.9
46.0,709.0,163.6
221.0,699.0,164.6
146.0,399.0,167.8
165.0,217.0,175.5
591.0,224.0,180.7
157.0,-8.0,189.8
386.0,-38.0,193.8
262.0,-174.0,195.5
263.0,61.0,199.8
142.0,192.0,205.6
39.0,272.0,208.3
12.0,338.0,211.4
25.0,369.0,212.4
52.0,330.0,211.8
96.0,236.0,209.4
206.0,126.0,206.6
227.0,102.0,205.5
203.0,114.0,204.1
213.0,133.0,203.7
184.0,148.0,203.8
84.0,152.0,203.9
179.0,203.0,203.5
168.0,242.0,203.7
226.0,269.0,204.0
233.0,289.0,204.4
240.0,299.0,204.5
235.0,312.0,204.4
266.0,290.0,203.9
-,-,-
424.0,154.0,156.7
427.0,151.0,156.4
431.0,139.0,155.8
444.0,120.0,155.2
444.0,124.0,155.0
447.0,133.0,155.2
432.0,141.0,155.7
431.0,162.0,155.9
442.0,139.0,155.9
449.0,133.0,155.9
440.0,161.0,155.7
467.0,159.0,154.9
468.0,125.0,154.2
486.0,124.0,152.2
501.0,125.0,150.1
441.0,96.0,149.4
301.0,244.0,149.1
260.0,423.0,149.3
-13.0,594.0,148.8
-38.0,725.0,147.2
87.0,518.0,146.0
184.0,447.0,145.8
322.0,194.0,148.0
425.0,-156.0,154.0
436.0,-241.0,157.6
789.0,-640.0,162.4
931.0,-961.0,162.2
1085.0,-916.0,161.4
799.0,-731.0,161.6
410.0,-518.0,158.9
413.0,-401.0,156.9
181.0,-195.0,151.9
68.0,246.0,147.9
0.0,493.0,147.0
-122.0,997.0,146.4
-278.0,1310.0,147.8
-508.0,1324.0,147.9
-148.0,944.0,144.4
17.0,463.0,145.2
130.0,408.0,146.4
254.0,-24.0,150.6
597.0,-499.0,155.9
502.0,-588.0,158.3
967.0,-1027.0,161.4
872.0,-1136.0,161.6
844.0,-864.0,162.4
695.0,-712.0,165.0
367.0,-322.0,164.4
234.0,-140.0,162.8
205.0,60.0,157.8
137.0,370.0,153.3
73.0,562.0,152.3
-264.0,1169.0,152.3
-406.0,1455.0,153.4
-254.0,1074.0,152.7
-202.0,960.0,152.8
-52.0,501.0,158.0
18.0,318.0,160.8
363.0,-366.0,164.5
782.0,-753.0,164.8
974.0,-1007.0,163.8
976.0,-1180.0,161.7
510.0,-912.0,162.7
544.0,-534.0,164.2
304.0,-252.0,164.0
220.0,193.0,162.7
103.0,412.0,161.9
195.0,605.0,159.2
450.0,830.0,158.8
76.0,764.0,158.7
255.0,585.0,157.9
424.0,261.0,154.9
602.0,-64.0,153.0
781.0,-172.0,151.1
588.0,-159.0,152.7
452.0,-98.0,150.3
243.0,76.0,160.2
348.0,66.0,166.4
160.0,-8.0,169.0
245.0,58.0,173.4
10.0,37.0,178.4
283.0,257.0,181.2
160.0,271.0,186.0
141.0,302.0,189.7
138.0,281.0,190.8
140.0,132.0,191.0
147.0,82.0,190.7
138.0,59.0,190.7
142.0,-65.0,191.1
246.0,75.0,192.9
321.0,114.0,194.0
233.0,153.0,196.1
290.0,185.0,197.9
271.0,202.0,198.9
266.0,267.0,201.1
269.0,310.0,202.9
272.0,329.0,203.6
247.0,319.0,204.5
-,-,-
306.0,259.0,198.2
315.0,263.0,196.9
313.0,249.0,196.2
310.0,259.0,194.7
310.0,258.0,194.1
301.0,271.0,192.7
328.0,272.0,191.4
327.0,300.0,190.8
306.0,335.0,190.2
288.0,384.0,189.4
306.0,370.0,189.0
330.0,323.0,187.0
322.0,309.0,185.6
126.0,83.0,181.5
351.0,-141.0,175.3
425.0,-127.0,172.1
645.0,-264.0,167.7
708.0,-292.0,165.1
684.0,-255.0,163.5
506.0,-278.0,158.3
395.0,-265.0,151.3
323.0,-171.0,148.4
354.0,232.0,144.5
163.0,412.0,142.8
-33.0,559.0,142.8
-145.0,1018.0,142.7
-214.0,1003.0,141.2
-271.0,552.0,138.6
20.0,837.0,136.9
219.0,384.0,140.5
175.0,231.0,143.7
284.0,-264.0,151.7
531.0,-596.0,158.7
571.0,-702.0,161.1
778.0,-1051.0,163.2
882.0,-1152.0,162.5
622.0,-878.0,163.1
541.0,-859.0,164.8
366.0,-483.0,164.0
258.0,-340.0,162.8
136.0,-99.0,158.4
137.0,167.0,154.1
134.0,363.0,152.6
-39.0,921.0,151.6
-206.0,1378.0,151.7
-387.0,1541.0,151.9
-504.0,1115.0,149.6
-47.0,959.0,148.5
-308.0,737.0,150.2
62.0,95.0,154.5
330.0,-378.0,158.6
625.0,-818.0,160.5
855.0,-1144.0,162.7
815.0,-1321.0,162.3
937.0,-1278.0,162.5
493.0,-837.0,165.7
453.0,-500.0,167.6
314.0,-398.0,-158.6
235.0,-76.0,165.8
-16.0,294.0,163.1
-44.0,742.0,162.4
-24.0,1171.0,162.8
-324.0,1565.0,163.7
-284.0,1589.0,164.1
-121.0,1141.0,161.2
-112.0,547.0,161.9
79.0,387.0,163.0
166.0,-205.0,166.4
657.0,-493.0,169.4
906.0,-898.0,169.5
833.0,-1046.0,166.9
470.0,-773.0,165.0
577.0,-669.0,164.4
435.0,-356.0,162.4
374.0,-3.0,159.6
327.0,137.0,158.4
243.0,520.0,158.0
178.0,814.0,160.5
339.0,667.0,161.5
403.0,276.0,161.3
54.0,-136.0,160.4
852.0,14.0,160.7
453.0,-76.0,163.3
81.0,-175.0,168.0
564.0,-52.0,170.1
257.0,-36.0,176.0
125.0,77.0,183.2
95.0,173.0,187.1
95.0,215.0,194.0
57.0,241.0,198.6
70.0,244.0,199.9
-,-,-
252.0,304.0,210.1
252.0,291.0,208.8
301.0,294.0,206.9
280.0,311.0,205.9
219.0,423.0,203.9
215.0,459.0,202.8
207.0,497.0,199.7
285.0,509.0,197.8
347.0,382.0,193.6
385.0,228.0,189.2
396.0,188.0,187.2
402.0,47.0,183.6
335.0,4.0,179.8
466.0,-236.0,177.4
677.0,-334.0,173.1
623.0,-360.0,172.4
564.0,-274.0,172.2
442.0,-352.0,170.5
405.0,-241.0,168.5
304.0,-95.0,162.9
353.0,62.0,158.4
-2.0,201.0,156.9
-28.0,447.0,156.3
-200.0,790.0,157.3
-214.0,999.0,157.4
-212.0,1024.0,154.6
-79.0,778.0,146.1
44.0,704.0,-155.3
181.0,335.0,139.3
265.0,-54.0,141.1
227.0,-232.0,143.6
291.0,-372.0,148.1
643.0,-694.0,152.0
657.0,-873.0,153.2
855.0,-1250.0,154.1
614.0,-746.0,155.3
543.0,-760.0,157.0
475.0,-445.0,158.3
269.0,-251.0,158.6
179.0,-112.0,158.0
56.0,114.0,156.5
-20.0,723.0,155.2
-120.0,778.0,155.4
-240.0,1223.0,155.3
-362.0,1527.0,154.1
-312.0,991.0,151.1
-144.0,998.0,150.0
-77.0,438.0,152.1
56.0,287.0,153.7
315.0,-561.0,153.6
889.0,-1133.0,148.7
929.0,-1308.0,146.1
1015.0,-1527.0,143.7
703.0,-891.0,147.9
435.0,-767.0,150.4
348.0,-459.0,155.4
144.0,-70.0,159.6
111.0,68.0,161.4
17.0,725.0,165.5
-294.0,1000.0,170.4
-126.0,1204.0,172.2
-404.0,1558.0,172.3
-34.0,1067.0,164.4
-30.0,872.0,161.8
-23.0,494.0,161.4
143.0,94.0,164.6
130.0,17.0,166.2
427.0,-472.0,168.0
665.0,-727.0,168.8
726.0,-846.0,169.1
897.0,-978.0,170.7
544.0,-803.0,176.3
530.0,-391.0,178.5
344.0,-145.0,178.7
182.0,205.0,175.5
80.0,421.0,173.4
131.0,539.0,168.9
314.0,596.0,166.7
47.0,717.0,166.6
265.0,514.0,164.7
464.0,210.0,163.0
69.0,-38.0,163.4
593.0,-71.0,167.1
394.0,-53.0,174.4
280.0,-60.0,178.0
138.0,-214.0,183.8
86.0,-110.0,192.9
188.0,-4.0,198.5
20.0,192.0,208.2
-69.0,263.0,214.8
-119.0,240.0,216.5
-96.0,246.0,215.3
-,-,-
250.0,281.0,214.0
252.0,279.0,213.9
237.0,269.0,213.6
242.0,274.0,212.8
235.0,306.0,212.2
245.0,313.0,210.4
228.0,318.0,207.9
214.0,355.0,206.1
250.0,330.0,201.3
283.0,284.0,198.6
334.0,259.0,193.2
406.0,247.0,188.8
429.0,189.0,186.8
444.0,146.0,183.2
417.0,105.0,179.7
313.0,-38.0,177.8
391.0,28.0,174.8
335.0,-86.0,173.0
348.0,-62.0,172.7
503.0,-34.0,171.3
401.0,-266.0,166.0
310.0,-74.0,162.0
452.0,-346.0,151.6
446.0,-251.0,143.1
472.0,-99.0,140.2
332.0,115.0,138.0
82.0,429.0,139.6
-10.0,669.0,141.4
-105.0,1059.0,143.3
-252.0,1085.0,140.0
-37.0,651.0,137.2
223.0,637.0,137.8
37.0,262.0,143.2
130.0,100.0,147.1
88.0,-57.0,153.9
513.0,-734.0,156.9
766.0,-868.0,156.7
801.0,-1279.0,154.3
569.0,-1204.0,153.9
511.0,-692.0,155.0
407.0,-656.0,154.7
273.0,-463.0,153.6
278.0,-391.0,153.0
169.0,-89.0,151.9
45.0,294.0,149.2
34.0,651.0,148.3
-28.0,1075.0,147.0
-360.0,1345.0,147.4
-385.0,1572.0,147.6
-305.0,1232.0,144.3
-176.0,1234.0,145.9
-134.0,833.0,146.8
-137.0,213.0,145.7
535.0,-812.0,140.5
646.0,-1220.0,137.1
1138.0,-1774.0,131.8
932.0,-1757.0,130.1
694.0,-1271.0,131.8
430.0,-809.0,134.2
221.0,-374.0,136.5
159.0,-201.0,137.9
88.0,125.0,140.9
-182.0,731.0,145.7
-122.0,1109.0,148.9
-471.0,1790.0,154.6
-117.0,1350.0,153.5
-157.0,1238.0,152.6
8.0,563.0,151.9
192.0,-37.0,151.7
193.0,-169.0,151.6
473.0,-659.0,151.4
813.0,-1182.0,151.1
907.0,-1070.0,151.1
504.0,-1193.0,152.9
656.0,-545.0,159.9
283.0,-351.0,162.7
134.0,13.0,164.5
67.0,382.0,162.8
250.0,432.0,161.4
227.0,584.0,159.0
98.0,723.0,158.4
66.0,758.0,158.1
365.0,492.0,155.6
424.0,179.0,151.3
347.0,-271.0,149.6
678.0,-232.0,149.1
410.0,-96.0,154.4
189.0,-158.0,-157.2
252.0,-171.0,166.8
249.0,-95.0,175.8
135.0,-127.0,181.3
104.0,90.0,193.5
0.0,174.0,205.5
-148.0,187.0,209.7
191.0,380.0,211.1
240.0,237.0,208.7
228.0,196.0,208.3
224.0,171.0,209.2
250.0,182.0,211.7
270.0,212.0,213.1
246.0,249.0,215.6
-,-,-
218.0,265.0,214.1
224.0,263.0,213.9
231.0,279.0,213.5
227.0,270.0,213.3
215.0,280.0,212.8
159.0,319.0,211.8
179.0,308.0,210.8
216.0,299.0,208.5
272.0,315.0,206.3
251.0,311.0,205.5
269.0,340.0,204.5
261.0,351.0,203.9
293.0,308.0,202.5
333.0,280.0,201.0
319.0,200.0,200.4
319.0,177.0,199.4
273.0,94.0,197.7
348.0,-46.0,-287.6
386.0,-106.0,194.5
482.0,98.0,194.6
423.0,-34.0,194.4
394.0,-100.0,191.6
340.0,-233.0,184.9
299.0,-138.0,181.5
325.0,-17.0,176.9
322.0,-8.0,176.2
242.0,175.0,177.8
-22.0,621.0,184.8
-366.0,1161.0,194.4
-428.0,1398.0,198.3
-551.0,1157.0,199.2
-206.0,992.0,194.8
-212.0,771.0,191.6
59.0,521.0,185.7
211.0,-201.0,179.9
362.0,-562.0,177.0
758.0,-925.0,-284.4
818.0,-1196.0,170.9
850.0,-1192.0,170.1
667.0,-765.0,172.0
448.0,-743.0,176.2
364.0,-484.0,177.5
349.0,-403.0,179.7
105.0,-90.0,181.7
187.0,85.0,182.7
-30.0,536.0,184.6
-283.0,1071.0,187.3
-445.0,1346.0,188.2
-494.0,1606.0,188.0
-381.0,1165.0,184.0
-125.0,1049.0,181.8
-96.0,804.0,181.2
-104.0,261.0,182.7
39.0,-2.0,182.8
631.0,-827.0,181.6
846.0,-1216.0,179.9
894.0,-1189.0,179.6
773.0,-1214.0,181.7
397.0,-751.0,188.0
363.0,-625.0,190.3
131.0,-287.0,192.7
70.0,151.0,194.3
-34.0,374.0,195.6
-258.0,920.0,199.0
-493.0,1364.0,203.0
-626.0,1614.0,204.2
-275.0,1603.0,203.1
-220.0,1033.0,200.2
-238.0,854.0,199.9
-34.0,538.0,199.3
211.0,-263.0,196.4
489.0,-450.0,194.2
718.0,-847.0,189.2
700.0,-1240.0,183.6
649.0,-959.0,182.3
410.0,-625.0,183.1
291.0,-303.0,183.8
259.0,-200.0,183.3
168.0,297.0,181.5
-27.0,549.0,180.7
-30.0,712.0,180.2
-96.0,876.0,179.5
12.0,835.0,178.5
264.0,572.0,177.2
117.0,235.0,175.3
423.0,-143.0,177.1
534.0,-78.0,180.1
343.0,176.0,185.5
125.0,-243.0,206.6
277.0,-164.0,211.6
219.0,-141.0,220.4
158.0,152.0,230.8
51.0,300.0,235.8
-81.0,382.0,243.1
-89.0,444.0,245.7
-139.0,385.0,245.1
39.0,184.0,240.6
64.0,85.0,233.8
46.0,42.0,230.3
117.0,70.0,224.4
215.0,122.0,220.3
276.0,133.0,219.0
263.0,177.0,218.3
-,-,-
195.0,245.0,212.1
198.0,255.0,211.4
204.0,266.0,209.8
185.0,298.0,207.5
204.0,298.0,206.2
212.0,271.0,203.1
187.0,283.0,201.4
286.0,246.0,198.2
288.0,290.0,197.1
310.0,223.0,195.7
321.0,203.0,194.3
349.0,161.0,193.7
344.0,139.0,192.5
345.0,112.0,190.9
371.0,12.0,189.9
304.0,-83.0,188.7
333.0,-29.0,188.9
259.0,138.0,191.1
221.0,130.0,191.2
286.0,51.0,189.5
423.0,-128.0,182.8
437.0,-310.0,173.8
390.0,-233.0,169.1
253.0,-33.0,161.3
106.0,198.0,157.4
117.0,336.0,157.6
-51.0,664.0,159.8
-191.0,1105.0,164.5
-282.0,940.0,165.3
-174.0,797.0,164.7
-37.0,526.0,165.4
64.0,383.0,166.0
87.0,195.0,167.5
389.0,-330.0,167.3
490.0,-559.0,167.5
573.0,-617.0,167.2
733.0,-1169.0,164.8
571.0,-1005.0,164.0
495.0,-635.0,165.6
411.0,-506.0,165.0
310.0,-340.0,164.1
271.0,-340.0,162.5
57.0,174.0,161.6
74.0,393.0,161.1
-185.0,738.0,160.3
-89.0,1133.0,160.0
-350.0,1405.0,160.3
-329.0,1086.0,158.6
-152.0,1082.0,156.2
-127.0,764.0,156.7
-24.0,396.0,157.1
297.0,-497.0,155.3
508.0,-776.0,153.4
898.0,-1323.0,148.6
775.0,-1517.0,144.7
753.0,-1509.0,144.1
489.0,-849.0,147.4
248.0,-593.0,149.4
219.0,-272.0,149.9
190.0,-112.0,149.8
14.0,474.0,150.4
-111.0,663.0,152.4
-427.0,1444.0,158.7
-413.0,1878.0,164.9
-216.0,1471.0,164.7
-14.0,1045.0,161.9
-12.0,558.0,163.2
99.0,171.0,164.6
224.0,-190.0,166.1
587.0,-784.0,164.3
718.0,-1128.0,162.8
774.0,-1359.0,160.5
532.0,-1071.0,161.4
533.0,-782.0,164.1
210.0,-396.0,169.2
235.0,-176.0,171.1
46.0,255.0,170.9
33.0,594.0,168.8
110.0,918.0,166.4
46.0,741.0,165.9
60.0,814.0,165.2
274.0,606.0,162.8
545.0,362.0,160.3
245.0,-81.0,157.6
377.0,-268.0,159.9
19.0,-194.0,163.8
184.0,-40.0,174.5
46.0,-332.0,182.1
499.0,-275.0,184.9
151.0,-252.0,191.7
118.0,100.0,202.5
76.0,185.0,208.5
-21.0,349.0,217.0
9.0,403.0,217.4
-24.0,400.0,214.6
139.0,316.0,207.6
193.0,16.0,201.0
-,-,-
254.0,212.0,205.8
265.0,201.0,205.7
259.0,213.0,205.6
258.0,221.0,205.5
249.0,236.0,205.4
226.0,255.0,205.0
221.0,276.0,204.6
170.0,278.0,203.4
175.0,319.0,202.6
206.0,280.0,200.6
266.0,274.0,197.9
283.0,253.0,196.4
337.0,147.0,192.8
364.0,75.0,188.8
354.0,6.0,187.2
350.0,46.0,185.6
394.0,56.0,184.3
317.0,56.0,184.1
319.0,58.0,184.1
315.0,57.0,184.1
329.0,78.0,184.1
294.0,119.0,184.7
297.0,136.0,185.1
308.0,155.0,185.4
295.0,151.0,185.7
269.0,85.0,185.4
356.0,105.0,184.6
491.0,-35.0,180.8
532.0,-257.0,175.3
468.0,-128.0,171.6
362.0,-224.0,162.6
329.0,-187.0,152.7
273.0,-143.0,148.7
80.0,191.0,146.0
-143.0,730.0,147.9
-259.0,786.0,150.6
-376.0,1160.0,152.9
-335.0,896.0,150.0
-342.0,1021.0,148.0
-54.0,468.0,145.1
21.0,152.0,143.7
301.0,-485.0,143.9
600.0,-917.0,144.2
874.0,-1398.0,143.8
790.0,-1251.0,143.1
560.0,-959.0,145.8
564.0,-965.0,149.5
262.0,-822.0,150.5
228.0,-390.0,151.6
44.0,-156.0,152.4
47.0,199.0,152.8
-72.0,660.0,152.5
-220.0,1055.0,151.7
-268.0,1217.0,152.1
-483.0,1592.0,152.3
-317.0,1295.0,149.8
-343.0,1091.0,149.3
-135.0,575.0,148.7
-107.0,119.0,146.1
182.0,-450.0,144.2
431.0,-903.0,141.6
873.0,-1255.0,140.2
858.0,-1294.0,139.6
694.0,-981.0,141.5
543.0,-702.0,143.9
325.0,32153.0,143.8
384.0,-243.0,141.6
84.0,-23.0,138.1
138.0,195.0,136.8
51.0,525.0,135.4
-124.0,884.0,134.7
-180.0,1081.0,134.3
-230.0,1150.0,132.6
0.0,742.0,129.6
-109.0,743.0,130.8
141.0,393.0,137.0
169.0,-80.0,144.8
162.0,-248.0,147.7
531.0,-614.0,150.8
926.0,-935.0,150.9
805.0,-1185.0,150.1
415.0,-799.0,153.3
504.0,-429.0,156.3
225.0,-154.0,156.3
326.0,116.0,153.8
186.0,349.0,150.6
107.0,365.0,149.9
152.0,506.0,149.7
151.0,578.0,150.1
196.0,554.0,149.8
319.0,214.0,147.0
438.0,27.0,145.6
391.0,-44.0,146.4
284.0,-72.0,151.5
183.0,-22.0,159.5
223.0,-188.0,163.4
376.0,-349.0,172.3
255.0,-179.0,185.8
228.0,-78.0,194.2
16.0,150.0,211.5
-,-,-
206.0,223.0,215.9
175.0,226.0,215.0
215.0,232.0,213.8
169.0,249.0,213.3
175.0,287.0,210.9
169.0,302.0,207.3
207.0,295.0,205.6
241.0,255.0,201.6
273.0,232.0,199.5
329.0,182.0,195.6
343.0,147.0,192.6
358.0,188.0,191.5
381.0,226.0,189.9
274.0,108.0,188.1
420.0,256.0,187.2
385.0,127.0,185.9
266.0,71.0,184.6
336.0,-8.0,183.9
409.0,0.0,183.3
381.0,-83.0,182.1
467.0,-109.0,180.1
503.0,-14.0,174.0
275.0,-184.0,166.0
341.0,-75.0,162.6
357.0,27.0,158.0
179.0,172.0,157.1
22.0,422.0,157.7
-10.0,722.0,160.4
-238.0,1064.0,163.2
-262.0,922.0,162.7
-58.0,968.0,161.3
104.0,436.0,159.4
91.0,395.0,159.1
237.0,-173.0,159.5
487.0,-514.0,160.9
571.0,-721.0,161.4
692.0,-924.0,161.1
612.0,-1011.0,160.1
595.0,-727.0,160.8
486.0,-598.0,161.8
283.0,-464.0,162.3
260.0,-330.0,162.3
111.0,17.0,161.7
58.0,164.0,160.7
46.0,479.0,160.4
-116.0,893.0,160.7
-237.0,1247.0,162.1
-218.0,1529.0,162.6
-214.0,1132.0,160.8
-134.0,1020.0,161.7
-135.0,837.0,162.1
76.0,125.0,161.7
317.0,-346.0,160.2
528.0,-811.0,159.2
806.0,-1172.0,157.6
880.0,-1423.0,155.6
792.0,-1224.0,156.1
563.0,-819.0,157.9
333.0,-521.0,159.8
272.0,-460.0,160.3
206.0,5.0,160.1
138.0,588.0,160.7
-21.0,659.0,162.6
-149.0,1195.0,168.1
-442.0,1865.0,172.3
-317.0,1564.0,171.4
-297.0,1092.0,169.4
-57.0,645.0,168.6
67.0,479.0,168.0
220.0,-178.0,166.8
600.0,-779.0,165.5
642.0,-948.0,165.5
870.0,-1078.0,166.5
736.0,-1160.0,168.5
555.0,-1021.0,171.5
424.0,-457.0,177.2
326.0,-166.0,180.0
200.0,74.0,-285.3
151.0,339.0,180.3
41.0,751.0,179.4
-9.0,946.0,178.7
-74.0,926.0,176.5
-71.0,882.0,172.7
181.0,730.0,169.7
282.0,390.0,163.7
391.0,70.0,160.2
407.0,60.0,160.7
373.0,88.0,166.4
247.0,-18.0,173.9
356.0,126.0,177.9
318.0,-202.0,186.1
380.0,-241.0,194.9
351.0,-333.0,198.5
371.0,-174.0,206.6
180.0,74.0,217.5
-,-,-
241.0,228.0,212.8
229.0,233.0,212.7
294.0,254.0,212.2
173.0,202.0,212.0
232.0,245.0,211.2
257.0,221.0,210.3
247.0,220.0,210.0
242.0,254.0,209.1
214.0,291.0,207.5
202.0,333.0,206.4
229.0,300.0,203.2
296.0,224.0,199.4
309.0,191.0,197.6
388.0,201.0,194.7
385.0,198.0,192.8
384.0,147.0,191.9
406.0,-39.0,190.0
420.0,-97.0,188.7
378.0,-100.0,189.0
484.0,106.0,190.2
350.0,-133.0,188.5
390.0,-231.0,186.5
285.0,-207.0,182.6
94.0,-163.0,179.6
357.0,-72.0,178.6
229.0,40.0,177.8
97.0,240.0,179.9
-27.0,707.0,181.9
-72.0,1029.0,185.6
-483.0,1123.0,186.2
-361.0,1197.0,183.6
-172.0,765.0,175.2
-75.0,297.0,167.3
22.0,288.0,164.8
35.0,-296.0,161.0
533.0,-613.0,158.0
548.0,-866.0,156.4
683.0,-1160.0,154.1
755.0,-1294.0,152.3
790.0,-943.0,153.3
433.0,-655.0,155.6
187.0,-412.0,156.6
365.0,-291.0,156.2
296.0,6.0,154.0
472.0,279.0,151.1
75.0,557.0,150.3
-54.0,888.0,150.1
-260.0,1567.0,152.4
-234.0,1683.0,153.0
-167.0,1064.0,150.0
-123.0,793.0,149.6
-34.0,586.0,149.7
214.0,-134.0,150.5
555.0,-847.0,150.9
542.0,-1007.0,150.3
756.0,-1313.0,147.9
716.0,-1541.0,146.3
687.0,-942.0,147.9
394.0,-829.0,149.7
237.0,-460.0,151.5
193.0,-174.0,151.9
62.0,159.0,152.7
-150.0,617.0,155.2
-80.0,991.0,157.5
-205.0,1437.0,163.9
-147.0,1599.0,166.9
26.0,1211.0,165.4
-17.0,739.0,164.5
239.0,325.0,163.8
255.0,-31.0,163.8
455.0,-474.0,162.5
673.0,-1004.0,160.8
605.0,-868.0,160.6
653.0,-1034.0,161.4
407.0,-910.0,165.1
663.0,-659.0,168.7
536.0,-386.0,174.0
283.0,-55.0,176.7
261.0,163.0,177.4
209.0,437.0,178.9
144.0,612.0,180.0
50.0,969.0,179.7
148.0,831.0,177.7
209.0,660.0,174.3
265.0,612.0,172.5
326.0,217.0,168.4
510.0,75.0,166.7
535.0,6.0,168.1
437.0,81.0,174.8
257.0,-29.0,184.8
287.0,-130.0,-160.7
128.0,-8.0,200.1
334.0,24.0,205.7
177.0,-132.0,207.9
155.0,212.0,212.4
32.0,328.0,215.9
-9.0,423.0,216.2
12.0,352.0,212.8
-,-,-
258.0,221.0,209.8
243.0,228.0,209.7
282.0,234.0,209.4
258.0,224.0,209.1
214.0,284.0,208.8
206.0,311.0,207.5
250.0,337.0,204.6
217.0,373.0,202.6
181.0,276.0,197.4
305.0,257.0,194.2
336.0,174.0,187.6
409.0,93.0,181.1
490.0,111.0,178.3
471.0,-73.0,173.9
539.0,-72.0,171.3
453.0,-197.0,170.6
391.0,-151.0,171.0
396.0,-110.0,172.2
417.0,-122.0,171.5
351.0,-184.0,166.7
289.0,-234.0,159.2
272.0,-276.0,155.5
246.0,7.0,150.1
122.0,320.0,149.4
8.0,413.0,150.1
-88.0,1016.0,153.3
-312.0,940.0,154.1
-170.0,991.0,152.8
-102.0,706.0,153.3
43.0,123.0,154.1
264.0,96.0,154.9
409.0,-588.0,155.2
651.0,-924.0,154.9
747.0,-1090.0,154.4
640.0,-1149.0,153.7
568.0,-670.0,157.3
400.0,-751.0,158.9
194.0,-485.0,161.2
215.0,-176.0,161.5
119.0,-142.0,161.1
47.0,245.0,159.9
129.0,533.0,157.9
-1.0,811.0,156.8
-166.0,1043.0,155.8
-297.0,1372.0,158.2
-241.0,971.0,158.0
-276.0,1133.0,159.3
-89.0,740.0,161.8
-284.0,318.0,162.1
122.0,-237.0,161.5
321.0,-849.0,158.2
924.0,-1343.0,156.2
971.0,-1579.0,150.9
747.0,-864.0,149.7
531.0,-1108.0,150.3
375.0,-772.0,150.3
144.0,-277.0,150.3
191.0,-82.0,150.5
58.0,393.0,151.6
-187.0,862.0,156.0
-334.0,1420.0,159.5
-561.0,1900.0,167.0
-274.0,1168.0,167.2
-190.0,954.0,167.1
201.0,239.0,165.7
300.0,-162.0,164.0
441.0,-435.0,163.1
741.0,-988.0,161.0
830.0,-1089.0,158.9
733.0,-1166.0,158.2
390.0,-659.0,160.8
378.0,-518.0,163.5
277.0,-283.0,164.0
196.0,258.0,164.4
74.0,421.0,164.0
32695.0,708.0,164.0
-44.0,962.0,163.2
105.0,898.0,161.0
173.0,736.0,159.3
271.0,323.0,154.4
542.0,-39.0,150.5
441.0,-13.0,150.3
414.0,-297.0,152.9
594.0,-173.0,158.3
416.0,-106.0,162.1
339.0,-262.0,169.3
525.0,-264.0,174.7
447.0,-196.0,178.1
265.0,-61.0,189.0
72.0,225.0,203.5
-24.0,348.0,210.2
-307.0,368.0,218.7
-3.0,470.0,218.3
-12.0,421.0,215.6
100.0,234.0,209.6
245.0,177.0,204.8
-,-,-
232.0,202.0,207.8
244.0,262.0,207.1
237.0,248.0,205.1
252.0,238.0,203.0
203.0,253.0,201.7
259.0,239.0,199.2
267.0,232.0,196.1
310.0,183.0,194.7
337.0,215.0,192.6
330.0,187.0,191.1
332.0,201.0,190.5
301.0,220.0,189.3
359.0,224.0,188.7
272.0,63.0,187.3
312.0,251.0,185.9
464.0,241.0,185.0
364.0,35.0,183.4
398.0,72.0,182.6
421.0,-22.0,181.6
458.0,23.0,181.4
497.0,-111.0,181.0
527.0,-148.0,178.6
458.0,-89.0,176.3
316.0,-336.0,169.8
480.0,26.0,166.7
107.0,86.0,161.8
323.0,227.0,160.8
-76.0,484.0,161.5
-71.0,967.0,164.0
-67.0,1068.0,165.2
-27.0,859.0,165.0
4.0,671.0,166.2
-56.0,657.0,166.5
106.0,266.0,165.4
513.0,-290.0,162.8
610.0,-606.0,161.8
609.0,-834.0,160.5
665.0,-1006.0,158.6
602.0,-926.0,157.8
522.0,-688.0,159.8
502.0,-683.0,160.6
383.0,-474.0,160.4
248.0,-285.0,158.5
157.0,228.0,155.2
125.0,265.0,153.7
70.0,633.0,151.2
-202.0,1036.0,152.1
-292.0,1266.0,153.3
-299.0,1038.0,154.6
-221.0,1085.0,154.9
-82.0,731.0,155.8
12.0,278.0,157.1
200.0,-444.0,157.7
597.0,-612.0,157.7
756.0,-1029.0,157.0
857.0,-1386.0,155.1
839.0,-1419.0,154.3
546.0,-920.0,156.7
393.0,-709.0,157.1
306.0,-402.0,148.9
102.0,-117.0,154.2
152.0,286.0,152.4
16.0,601.0,152.4
-250.0,933.0,156.0
-368.0,1828.0,163.0
-85.0,1540.0,165.2
-182.0,1084.0,165.9
11.0,732.0,166.5
88.0,115.0,166.0
290.0,-502.0,164.3
704.0,-958.0,162.8
634.0,-1042.0,162.5
732.0,-1204.0,161.8
499.0,-1098.0,163.0
354.0,-597.0,166.3
322.0,-270.0,171.8
297.0,71.0,174.1
195.0,293.0,173.9
206.0,449.0,173.7
-97.0,951.0,174.4
288.0,987.0,174.9
-36.0,975.0,173.5
-93.0,528.0,167.6
85.0,472.0,163.5
392.0,-38.0,156.3
457.0,-66.0,153.8
324.0,-9.0,154.6
506.0,-58.0,159.3
495.0,-72.0,165.3
516.0,-232.0,169.1
-,-,-
223.0,258.0,217.1
277.0,254.0,215.4
283.0,254.0,214.2
292.0,281.0,211.7
290.0,299.0,209.3
263.0,268.0,208.2
268.0,262.0,205.5
317.0,255.0,202.6
354.0,216.0,200.8
381.0,190.0,197.2
410.0,188.0,195.5
449.0,119.0,192.5
288.0,45.0,190.3
352.0,41.0,189.4
413.0,25.0,188.7
509.0,-65.0,188.4
379.0,-103.0,187.7
452.0,-192.0,184.9
306.0,-266.0,179.9
195.0,-253.0,178.1
351.0,54.0,176.8
158.0,337.0,177.7
-55.0,405.0,178.8
-141.0,925.0,180.2
-207.0,1382.0,182.3
-308.0,1151.0,182.2
-145.0,943.0,177.0
22.0,583.0,171.4
140.0,198.0,168.6
338.0,-111.0,165.9
419.0,-545.0,164.4
623.0,-781.0,163.9
651.0,-1205.0,162.5
599.0,-1130.0,160.9
722.0,-774.0,162.8
388.0,-686.0,166.9
273.0,-226.0,170.7
61.0,-110.0,172.1
6.0,268.0,173.5
44.0,781.0,173.9
-247.0,850.0,174.9
-256.0,1537.0,177.7
-321.0,1578.0,179.9
-109.0,1032.0,178.2
17.0,1023.0,175.1
-116.0,146.0,171.7
178.0,40.0,169.5
282.0,-502.0,165.4
626.0,-1220.0,161.8
797.0,-1296.0,160.1
631.0,-1404.0,159.4
487.0,-866.0,161.9
419.0,-835.0,164.2
190.0,-349.0,166.6
132.0,14.0,168.6
65.0,185.0,168.9
147.0,533.0,171.4
-138.0,1166.0,176.5
-285.0,1409.0,180.4
-273.0,1505.0,182.0
-248.0,1220.0,179.1
1.0,797.0,178.1
-1.0,189.0,176.2
453.0,-278.0,174.9
312.0,-652.0,173.6
638.0,-927.0,170.2
775.0,-1091.0,167.8
632.0,-1324.0,168.2
438.0,-447.0,175.6
394.0,-526.0,181.3
219.0,-194.0,182.8
214.0,125.0,183.8
122.0,547.0,183.1
25.0,620.0,183.2
97.0,781.0,182.3
18.0,1081.0,180.8
-55.0,1053.0,179.3
127.0,663.0,173.6
224.0,220.0,168.7
243.0,168.0,168.5
469.0,129.0,172.9
191.0,-258.0,178.9
484.0,-162.0,182.4
173.0,-281.0,189.2
452.0,-330.0,194.4
21.0,-336.0,197.1
342.0,-157.0,204.1
75.0,-26.0,214.0
87.0,306.0,218.3
-101.0,410.0,223.4
-266.0,432.0,221.3
7.0,429.0,218.2
254.0,279.0,213.3
283.0,183.0,211.9
249.0,146.0,212.1
283.0,109.0,213.5
296.0,157.0,215.9
274.0,184.0,217.0
269.0,201.0,218.3
277.0,189.0,218.5
-,-,-
280.0,211.0,215.4
273.0,234.0,214.8
257.0,259.0,214.2
257.0,263.0,213.3
298.0,302.0,212.7
237.0,310.0,211.6
239.0,312.0,210.8
235.0,289.0,209.1
263.0,281.0,207.1
278.0,268.0,205.7
339.0,253.0,202.3
325.0,244.0,198.8
343.0,226.0,197.2
358.0,217.0,193.9
365.0,201.0,190.9
339.0,216.0,189.5
387.0,139.0,186.5
397.0,121.0,183.9
302.0,76.0,182.7
374.0,68.0,180.6
322.0,48.0,179.0
554.0,2.0,178.3
439.0,-43.0,176.3
408.0,-194.0,172.2
424.0,-303.0,169.1
373.0,-255.0,161.9
376.0,-148.0,155.9
204.0,-173.0,153.6
146.0,137.0,150.8
-13.0,528.0,151.4
55.0,659.0,152.6
56.0,1192.0,156.2
-86.0,1171.0,159.1
-95.0,908.0,161.2
-41.0,546.0,163.3
19.0,277.0,162.8
128.0,32.0,162.1
393.0,-678.0,160.6
598.0,-857.0,160.2
679.0,-1146.0,159.6
657.0,-1238.0,159.9
394.0,-865.0,161.3
401.0,-632.0,160.8
258.0,-436.0,158.7
115.0,-275.0,156.1
270.0,-16.0,155.3
12.0,322.0,155.1
176.0,812.0,158.1
-285.0,1456.0,161.5
-354.0,1991.0,165.2
-250.0,1403.0,161.5
-173.0,1194.0,159.8
-48.0,273.0,156.7
263.0,-276.0,155.5
318.0,-491.0,155.5
676.0,-1065.0,155.6
775.0,-1282.0,154.2
764.0,-1588.0,153.4
611.0,-959.0,156.4
365.0,-646.0,159.6
191.0,-508.0,161.1
161.0,11.0,164.0
61.0,386.0,165.9
29.0,545.0,166.5
-155.0,1022.0,167.6
-247.0,1615.0,168.9
-169.0,1788.0,168.6
-110.0,1174.0,164.0
74.0,659.0,162.1
38.0,300.0,161.6
331.0,-197.0,160.8
466.0,-587.0,159.2
486.0,-764.0,158.2
716.0,-1017.0,155.7
601.0,-1001.0,154.7
467.0,-778.0,155.8
413.0,-599.0,156.9
331.0,-165.0,157.3
180.0,29.0,157.2
225.0,380.0,156.9
60.0,613.0,157.3
141.0,890.0,-157.2
22.0,973.0,158.0
209.0,483.0,154.9
340.0,291.0,152.2
550.0,27.0,149.1
522.0,-267.0,149.2
623.0,-248.0,151.0
502.0,-198.0,157.1
183.0,-164.0,164.7
247.0,-297.0,167.8
314.0,-208.0,175.0
158.0,92.0,185.3
55.0,254.0,190.7
-114.0,375.0,197.5
79.0,380.0,197.0
-,-,-
300.0,198.0,194.2
293.0,201.0,193.8
295.0,231.0,193.0
239.0,263.0,191.9
242.0,297.0,190.9
292.0,241.0,188.0
337.0,225.0,184.3
396.0,127.0,182.6
407.0,99.0,179.8
437.0,63.0,178.7
441.0,79.0,177.6
378.0,137.0,177.1
344.0,164.0,176.8
289.0,130.0,175.9
268.0,41.0,175.3
400.0,123.0,175.6
383.0,153.0,176.8
317.0,121.0,178.1
348.0,112.0,178.4
411.0,59.0,178.3
428.0,-86.0,178.2
418.0,-56.0,178.6
443.0,129.0,179.2
384.0,-96.0,178.4
468.0,-68.0,176.8
353.0,-299.0,171.6
356.0,-318.0,165.3
290.0,-179.0,163.0
355.0,-78.0,159.7
159.0,456.0,161.4
96.0,518.0,163.4
-26.0,1046.0,173.4
-244.0,1319.0,179.5
-166.0,1322.0,180.8
-64.0,798.0,179.9
105.0,313.0,176.6
167.0,-98.0,174.9
340.0,-412.0,172.1
737.0,-970.0,169.7
554.0,-966.0,168.3
612.0,-1073.0,166.3
542.0,-773.0,168.6
455.0,-782.0,170.0
171.0,-309.0,173.3
203.0,-200.0,176.7
236.0,37.0,178.3
129.0,356.0,180.8
12.0,778.0,183.5
-57.0,915.0,185.7
-225.0,1525.0,191.3
-393.0,1323.0,193.1
-408.0,1186.0,191.2
27.0,973.0,186.4
-133.0,499.0,183.1
91.0,98.0,181.8
306.0,-437.0,179.4
512.0,-1016.0,176.9
704.0,-1051.0,175.4
779.0,-1399.0,172.7
487.0,-1034.0,174.5
458.0,-830.0,175.9
161.0,-358.0,178.6
127.0,-226.0,180.0
167.0,237.0,180.7
146.0,462.0,183.0
-213.0,1252.0,188.8
-205.0,1573.0,191.9
-289.0,1635.0,194.7
-240.0,1221.0,190.9
-155.0,1124.0,189.1
131.0,419.0,185.5
247.0,-26.0,182.4
500.0,-574.0,180.1
580.0,-851.0,175.3
736.0,-1118.0,171.9
695.0,-1347.0,171.3
406.0,-528.0,175.7
440.0,-604.0,180.6
232.0,-280.0,182.5
255.0,143.0,184.0
136.0,509.0,184.5
78.0,808.0,185.2
-43.0,1003.0,186.3
104.0,1058.0,184.4
-111.0,1055.0,182.2
151.0,645.0,174.9
214.0,185.0,167.3
418.0,27.0,164.7
526.0,-47.0,163.1
498.0,-28.0,165.3
460.0,-200.0,167.1
303.0,-123.0,171.7
499.0,-186.0,178.2
260.0,32674.0,182.6
284.0,17.0,193.4
-,-,-
277.0,242.0,212.2
270.0,254.0,211.7
276.0,257.0,211.2
258.0,283.0,211.0
262.0,294.0,210.3
269.0,294.0,209.6
266.0,310.0,207.7
279.0,304.0,207.1
266.0,291.0,204.8
287.0,310.0,202.1
306.0,284.0,200.8
318.0,255.0,198.1
331.0,261.0,195.4
332.0,255.0,194.2
368.0,271.0,191.8
385.0,287.0,190.5
271.0,198.0,187.6
345.0,262.0,184.8
312.0,104.0,183.3
359.0,54.0,180.5
418.0,-51.0,178.1
436.0,-95.0,177.4
518.0,-127.0,176.3
465.0,-117.0,174.1
388.0,-157.0,172.0
485.0,-253.0,166.0
480.0,-183.0,160.6
341.0,-171.0,158.3
379.0,140.0,156.8
43.0,676.0,159.7
-65.0,707.0,162.2
-328.0,1509.0,167.6
-397.0,1178.0,167.8
-222.0,1120.0,167.4
-194.0,513.0,165.4
204.0,46.0,162.2
218.0,-172.0,161.3
713.0,-885.0,158.5
606.0,-1004.0,155.8
851.0,-1130.0,154.6
558.0,-999.0,154.9
484.0,-792.0,157.6
349.0,-570.0,158.4
274.0,-403.0,159.2
222.0,-22.0,160.7
91.0,17.0,161.5
-63.0,497.0,162.8
-205.0,1074.0,165.3
-190.0,1116.0,167.0
-450.0,1671.0,170.0
-640.0,1160.0,166.5
-566.0,1376.0,164.5
-296.0,939.0,162.0
-62.0,-3.0,158.3
77.0,-162.0,156.9
935.0,-1299.0,152.2
1059.0,-1602.0,146.2
1092.0,-1727.0,143.6
747.0,-994.0,143.5
558.0,-1038.0,145.3
416.0,-678.0,145.4
175.0,-350.0,145.4
138.0,70.0,146.0
102.0,254.0,147.1
-163.0,1003.0,152.8
-534.0,1434.0,161.8
-652.0,1749.0,165.9
-457.0,1263.0,164.9
-108.0,828.0,161.8
-33.0,536.0,160.7
153.0,79.0,158.5
336.0,-647.0,157.9
782.0,-785.0,157.0
911.0,-1142.0,154.4
832.0,-1322.0,152.0
779.0,-1219.0,152.8
433.0,-731.0,157.5
315.0,-240.0,159.7
240.0,-49.0,159.5
314.0,189.0,158.0
119.0,542.0,156.9
198.0,733.0,157.2
-69.0,1076.0,158.1
-92.0,1058.0,158.2
121.0,707.0,157.1
437.0,450.0,153.0
404.0,-14.0,151.4
330.0,-159.0,152.0
577.0,-337.0,155.7
413.0,-233.0,161.7
362.0,-259.0,163.9
374.0,-378.0,166.5
387.0,-283.0,173.2
218.0,-23.0,179.0
-32.0,257.0,191.9
-194.0,345.0,200.8
46.0,393.0,202.5
153.0,404.0,203.2
211.0,278.0,203.0
247.0,256.0,203.1
273.0,228.0,203.8
286.0,204.0,205.4
323.0,227.0,206.1
301.0,187.0,206.1
-,-,-
257.0,324.0,208.8
202.0,329.0,-162.8
220.0,308.0,202.9
177.0,305.0,200.6
200.0,244.0,194.7
263.0,232.0,187.8
317.0,143.0,184.7
346.0,97.0,178.6
361.0,67.0,176.1
379.0,73.0,172.4
425.0,140.0,169.7
327.0,83.0,168.4
350.0,61.0,165.4
460.0,75.0,162.1
182.0,-199.0,160.2
353.0,-224.0,157.1
466.0,-276.0,154.7
621.0,-204.0,154.0
477.0,-269.0,150.7
508.0,-513.0,145.2
332.0,-355.0,141.6
261.0,-469.0,135.1
180.0,-114.0,132.1
123.0,154.0,132.1
-113.0,574.0,133.5
-56.0,834.0,138.5
-168.0,1271.0,141.7
-339.0,732.0,145.4
-107.0,1147.0,151.8
-371.0,876.0,155.4
-120.0,531.0,158.6
-4.0,-228.0,156.4
520.0,-450.0,153.5
906.0,-1214.0,147.2
807.0,-1305.0,142.1
621.0,-1352.0,140.7
733.0,-672.0,143.4
425.0,-689.0,145.9
215.0,-586.0,146.8
173.0,-209.0,148.2
166.0,-48.0,148.0
70.0,169.0,148.0
-25.0,544.0,149.4
-256.0,830.0,155.4
-277.0,1318.0,160.2
-519.0,1684.0,166.8
-329.0,1133.0,164.1
-199.0,1044.0,162.2
-225.0,372.0,160.4
120.0,-40.0,159.1
138.0,-370.0,158.3
691.0,-993.0,156.5
705.0,-1245.0,154.6
620.0,-1398.0,154.1
764.0,-959.0,156.4
370.0,-720.0,160.4
163.0,-592.0,161.8
182.0,-232.0,163.7
58.0,137.0,164.8
35.0,379.0,165.3
-72.0,932.0,168.9
-435.0,1409.0,176.0
-451.0,1852.0,179.3
-333.0,1160.0,177.8
-81.0,844.0,173.9
-91.0,576.0,172.7
63.0,-112.0,169.9
269.0,-708.0,165.5
517.0,-765.0,163.3
683.0,-927.0,160.9
605.0,-1053.0,160.5
498.0,-940.0,161.9
625.0,-530.0,168.8
340.0,-323.0,172.7
186.0,-153.0,173.6
113.0,164.0,174.3
138.0,609.0,175.9
-37.0,663.0,176.0
-138.0,943.0,175.1
-101.0,832.0,171.7
50.0,724.0,169.5
177.0,368.0,163.6
425.0,92.0,159.6
341.0,-31.0,160.1
329.0,-230.0,163.9
247.0,-230.0,171.3
452.0,-133.0,174.5
332.0,-281.0,178.2
-35.0,-341.0,181.1
332.0,8.0,184.5
85.0,192.0,193.0
-51.0,301.0,199.1
-123.0,295.0,200.2
110.0,314.0,198.0
311.0,127.0,192.5
348.0,45.0,190.9
341.0,28.0,191.4
264.0,117.0,194.5
-,-,-
227.0,243.0,203.3
208.0,259.0,202.4
180.0,284.0,200.5
182.0,309.0,199.5
214.0,272.0,196.4
245.0,260.0,192.7
304.0,200.0,190.9
316.0,191.0,187.6
356.0,150.0,186.1
362.0,146.0,183.6
356.0,183.0,182.6
334.0,205.0,180.9
374.0,211.0,179.1
369.0,167.0,178.1
359.0,87.0,175.8
314.0,-20.0,172.5
331.0,-80.0,171.2
537.0,-51.0,169.8
501.0,-172.0,169.5
359.0,-195.0,168.9
485.0,-202.0,167.3
413.0,-187.0,166.2
279.0,-185.0,162.8
542.0,-54.0,159.2
167.0,184.0,158.2
-5.0,351.0,159.6
-210.0,1281.0,164.7
-358.0,1511.0,167.0
-293.0,1077.0,163.2
-248.0,836.0,156.0
95.0,354.0,152.6
299.0,-236.0,148.4
617.0,-859.0,147.0
781.0,-1033.0,146.1
546.0,-1268.0,143.8
695.0,-1139.0,141.3
524.0,-877.0,141.7
230.0,-700.0,142.3
241.0,-482.0,143.0
107.0,-279.0,143.4
165.0,7.0,145.5
34.0,579.0,149.6
77.0,778.0,152.5
-451.0,1602.0,159.9
-358.0,1858.0,166.7
-470.0,1172.0,166.0
-95.0,1079.0,164.5
0.0,468.0,162.7
184.0,-35.0,161.9
297.0,-505.0,160.8
505.0,-1086.0,157.4
578.0,-1287.0,155.0
663.0,-1500.0,149.6
663.0,-1135.0,149.7
536.0,-1200.0,149.9
216.0,-586.0,151.1
106.0,-179.0,152.2
105.0,271.0,152.8
-90.0,674.0,155.4
-282.0,1600.0,162.7
-328.0,1798.0,167.3
-115.0,1273.0,169.9
-260.0,950.0,164.8
152.0,716.0,162.8
153.0,35.0,160.1
333.0,-333.0,159.6
580.0,-655.0,158.6
517.0,-1127.0,155.0
676.0,-1438.0,151.9
584.0,-1140.0,151.7
324.0,-735.0,156.4
171.0,-361.0,161.2
327.0,-226.0,162.7
274.0,163.0,163.8
40.0,611.0,165.8
175.0,969.0,168.1
-7.0,1137.0,172.7
-90.0,1034.0,173.2
-1.0,815.0,170.9
231.0,332.0,163.9
258.0,98.0,158.9
316.0,-71.0,157.9
496.0,-383.0,157.5
264.0,-588.0,157.6
611.0,-366.0,157.7
473.0,-337.0,160.4
162.0,-112.0,169.1
320.0,-86.0,175.9
200.0,297.0,192.2
327.0,504.0,207.7
98.0,393.0,213.7
234.0,489.0,223.9
