-,-,-
105.0,348.0,213.7
125.0,426.0,214.0
91.0,336.0,214.2
60.0,313.0,214.7
120.0,415.0,215.1
54.0,394.0,215.9
39.0,400.0,215.9
20.0,405.0,216.4
20.0,421.0,216.1
38.0,423.0,215.8
82.0,408.0,215.2
85.0,403.0,214.5
215.0,600.0,214.0
316.0,557.0,213.6
87.0,315.0,214.7
105.0,219.0,223.3
-70.0,251.0,244.5
-196.0,124.0,262.8
-160.0,-3.0,308.9
-157.0,-223.0,-270.1
-215.0,33.0,-254.1
-15.0,-217.0,-240.0
2.0,-117.0,-231.8
-129.0,-200.0,-228.8
-16.0,-214.0,-230.3
-130.0,-327.0,-236.8
-126.0,-217.0,-250.1
-143.0,-218.0,303.2
-158.0,347.0,215.7
-7.0,190.0,198.7
-21.0,549.0,181.9
85.0,403.0,174.7
-68.0,398.0,172.6
26.0,253.0,170.1
143.0,458.0,169.4
86.0,462.0,169.1
143.0,570.0,169.4
-29.0,511.0,172.9
192.0,169.0,179.4
-90.0,-333.0,-152.9
-196.0,-438.0,-140.6
8.0,-416.0,-136.1
152.0,-389.0,-128.3
422.0,-431.0,-121.5
420.0,-444.0,-119.1
494.0,-335.0,-114.5
335.0,-374.0,-104.9
366.0,-358.0,-96.7
110.0,-276.0,-66.5
245.0,173.0,-17.4
117.0,712.0,1.4
49.0,189.0,19.2
650.0,-260.0,27.5
509.0,-315.0,31.7
216.0,323.0,40.3
326.0,94.0,42.3
102.0,178.0,42.0
454.0,99.0,40.9
461.0,168.0,40.3
465.0,166.0,39.7
495.0,167.0,38.4
459.0,130.0,37.9
445.0,135.0,38.0
453.0,110.0,38.8
442.0,66.0,40.4
487.0,20.0,42.0
380.0,104.0,46.9
466.0,123.0,53.1
459.0,179.0,56.3
321.0,132.0,63.7
139.0,168.0,71.1
60.0,186.0,74.7
259.0,256.0,82.5
91.0,265.0,89.3
83.0,280.0,91.7
189.0,233.0,95.0
203.0,214.0,97.9
182.0,195.0,99.9
144.0,218.0,104.6
151.0,255.0,109.4
165.0,256.0,111.4
226.0,279.0,113.9
215.0,248.0,114.8
270.0,239.0,115.3
277.0,195.0,117.2
197.0,178.0,122.2
218.0,260.0,125.1
240.0,310.0,129.5
212.0,261.0,133.6
212.0,253.0,135.8
-,-,-
267.0,506.0,170.9
204.0,462.0,170.6
206.0,427.0,171.0
199.0,513.0,170.5
225.0,475.0,170.1
238.0,470.0,170.3
248.0,442.0,170.2
239.0,447.0,170.3
226.0,485.0,171.0
295.0,734.0,171.2
402.0,597.0,172.9
387.0,518.0,175.5
147.0,440.0,187.2
-105.0,159.0,212.9
-111.0,113.0,233.7
-254.0,33.0,277.7
-198.0,139.0,290.9
-237.0,86.0,306.4
-424.0,-161.0,309.1
-25.0,-219.0,299.9
-52.0,-44.0,235.0
-84.0,39.0,161.2
-118.0,62.0,144.8
117.0,249.0,128.1
133.0,301.0,122.6
186.0,510.0,121.1
252.0,475.0,118.3
242.0,284.0,116.1
209.0,299.0,115.2
466.0,519.0,111.0
534.0,445.0,102.5
308.0,158.0,96.3
317.0,799.0,75.5
223.0,-346.0,4.2
95.0,-684.0,-46.9
134.0,-255.0,-87.0
318.0,-445.0,-96.8
342.0,-257.0,-98.3
249.0,-175.0,-98.6
206.0,-367.0,-94.9
308.0,-196.0,-88.9
189.0,-204.0,-68.6
78.0,-373.0,-41.6
132.0,-260.0,-24.2
343.0,152.0,5.0
493.0,-3.0,21.3
407.0,273.0,28.1
291.0,295.0,34.2
362.0,162.0,33.4
461.0,190.0,32.9
403.0,165.0,32.3
418.0,118.0,31.8
394.0,220.0,31.7
387.0,133.0,31.5
391.0,177.0,31.8
378.0,172.0,32.4
519.0,87.0,34.5
249.0,199.0,38.6
444.0,141.0,41.2
455.0,153.0,46.7
279.0,186.0,52.8
248.0,254.0,56.1
251.0,277.0,62.4
206.0,292.0,68.2
185.0,240.0,70.6
149.0,289.0,75.0
172.0,269.0,78.4
178.0,268.0,80.0
192.0,272.0,83.2
199.0,309.0,86.4
215.0,316.0,87.7
170.0,290.0,90.5
139.0,267.0,93.1
145.0,271.0,94.0
195.0,278.0,95.6
180.0,315.0,97.1
219.0,314.0,97.5
252.0,302.0,97.9
237.0,303.0,98.5
257.0,287.0,98.8
193.0,300.0,99.5
155.0,302.0,100.3
174.0,318.0,100.5
165.0,308.0,100.9
128.0,293.0,101.4
149.0,295.0,101.7
133.0,306.0,102.2
113.0,297.0,102.5
154.0,305.0,102.4
199.0,302.0,102.1
-,-,-
1.0,462.0,170.0
10.0,454.0,170.1
22.0,453.0,169.9
30.0,448.0,169.6
35.0,467.0,169.5
54.0,469.0,169.2
49.0,470.0,169.1
23.0,449.0,169.0
14.0,453.0,168.9
14.0,483.0,168.5
21.0,455.0,168.1
34.0,487.0,167.8
20.0,442.0,167.1
31.0,439.0,166.5
77.0,486.0,166.1
88.0,426.0,165.4
103.0,449.0,165.2
99.0,463.0,165.2
147.0,670.0,165.4
201.0,621.0,165.9
85.0,486.0,168.9
-130.0,115.0,176.4
-112.0,179.0,182.9
-293.0,66.0,202.9
-183.0,-13.0,230.4
-98.0,-78.0,245.2
-61.0,54.0,267.4
-4.0,104.0,282.8
6.0,151.0,288.3
0.0,72.0,297.9
68.0,-34.0,302.6
50.0,2.0,299.2
18.0,-84.0,270.8
-26.0,-17.0,217.3
48.0,81.0,196.1
-23.0,293.0,172.2
-194.0,22.0,166.0
-170.0,263.0,166.4
-328.0,-23.0,169.7
-257.0,58.0,171.7
-254.0,65.0,171.6
-68.0,505.0,169.1
-135.0,475.0,168.4
36.0,7.0,170.1
-97.0,232.0,187.1
-112.0,-197.0,-242.4
57.0,-157.0,-188.2
162.0,-404.0,-165.0
257.0,-204.0,-157.0
423.0,-290.0,-154.3
336.0,-259.0,-150.7
348.0,-184.0,-147.7
345.0,-208.0,-146.2
273.0,-366.0,-141.6
313.0,-320.0,-133.6
319.0,-108.0,-126.8
13.0,0.0,-101.1
-204.0,28.0,-52.0
-79.0,112.0,-29.6
-80.0,154.0,-3.3
-163.0,117.0,16.6
4.0,108.0,21.3
5.0,-25.0,24.7
161.0,143.0,25.1
189.0,142.0,25.2
237.0,147.0,24.5
225.0,129.0,23.8
251.0,158.0,23.4
200.0,94.0,22.7
158.0,77.0,22.3
149.0,68.0,22.3
122.0,66.0,22.4
130.0,83.0,22.5
130.0,72.0,22.6
148.0,94.0,22.5
180.0,113.0,22.5
187.0,120.0,22.4
164.0,86.0,22.3
167.0,84.0,22.0
157.0,85.0,21.9
155.0,84.0,21.8
151.0,65.0,21.8
165.0,86.0,21.9
136.0,102.0,22.6
129.0,106.0,23.0
166.0,100.0,23.5
165.0,89.0,23.7
162.0,78.0,23.7
173.0,85.0,23.8
176.0,85.0,24.0
138.0,86.0,25.1
129.0,79.0,26.5
128.0,91.0,27.2
130.0,103.0,28.2
133.0,109.0,28.9
118.0,111.0,30.0
113.0,87.0,30.4
115.0,87.0,30.7
127.0,86.0,31.0
154.0,86.0,31.1
164.0,77.0,32.0
166.0,74.0,32.7
214.0,23.0,35.2
126.0,82.0,41.0
107.0,93.0,44.2
-,-,-
-78.0,315.0,166.1
-135.0,333.0,164.1
-9.0,377.0,163.6
25.0,407.0,161.6
-34.0,399.0,160.9
-83.0,404.0,160.0
-10.0,443.0,158.8
-72.0,433.0,158.2
-67.0,420.0,157.2
-3.0,433.0,155.2
-20.0,430.0,154.0
40.0,481.0,151.4
166.0,547.0,148.4
122.0,526.0,147.0
197.0,510.0,144.9
305.0,598.0,143.3
251.0,620.0,142.7
279.0,505.0,142.5
297.0,473.0,142.1
265.0,476.0,142.2
258.0,558.0,143.2
270.0,680.0,143.9
265.0,654.0,144.5
325.0,709.0,146.8
278.0,848.0,152.3
-44.0,301.0,157.7
-139.0,164.0,176.0
-49.0,50.0,211.6
-31.0,-129.0,232.6
19.0,-43.0,262.2
-118.0,132.0,273.8
-57.0,84.0,276.9
62.0,98.0,274.5
158.0,63.0,244.5
163.0,-23.0,213.0
110.0,20.0,148.3
93.0,248.0,125.3
96.0,105.0,121.9
-149.0,251.0,119.5
-246.0,425.0,118.8
-175.0,325.0,118.8
-147.0,329.0,118.1
-62.0,378.0,115.9
112.0,346.0,114.4
185.0,345.0,111.3
215.0,309.0,108.9
221.0,303.0,108.1
291.0,396.0,107.1
355.0,762.0,104.6
277.0,471.0,101.1
8.0,336.0,86.2
-72.0,15.0,33.9
23.0,-202.0,-27.8
36.0,-88.0,-95.0
454.0,-308.0,-111.6
340.0,-163.0,-115.3
400.0,-137.0,-118.8
174.0,-89.0,-119.2
422.0,-195.0,-117.1
198.0,-229.0,-108.6
180.0,-232.0,-87.7
55.0,-50.0,-70.9
-266.0,-201.0,-27.7
-159.0,132.0,11.9
88.0,212.0,23.2
227.0,336.0,32.5
83.0,157.0,33.7
143.0,274.0,32.9
426.0,303.0,30.8
542.0,327.0,29.3
515.0,315.0,28.9
420.0,281.0,28.7
304.0,218.0,29.0
274.0,196.0,29.3
224.0,191.0,30.0
203.0,212.0,30.5
226.0,222.0,30.6
285.0,239.0,30.8
321.0,246.0,30.9
342.0,245.0,31.1
386.0,244.0,31.7
348.0,247.0,33.0
361.0,228.0,34.0
241.0,141.0,37.4
248.0,211.0,43.1
176.0,246.0,46.1
231.0,275.0,52.0
130.0,236.0,58.6
153.0,231.0,62.2
132.0,318.0,70.3
64.0,329.0,76.5
36.0,260.0,78.5
127.0,298.0,82.3
157.0,306.0,86.6
103.0,317.0,88.9
-,-,-
-112.0,412.0,131.2
-95.0,405.0,129.8
-37.0,433.0,127.1
73.0,512.0,125.8
289.0,509.0,124.7
307.0,558.0,125.5
98.0,463.0,128.1
115.0,426.0,131.3
98.0,390.0,133.1
110.0,404.0,136.1
114.0,405.0,138.9
93.0,374.0,140.4
87.0,404.0,143.0
70.0,416.0,144.5
-20.0,430.0,148.0
-93.0,436.0,152.0
-205.0,377.0,153.8
-187.0,399.0,156.0
-69.0,444.0,155.7
-20.0,456.0,155.0
26.0,456.0,153.5
38.0,437.0,151.7
25.0,388.0,150.9
135.0,550.0,149.5
178.0,629.0,148.8
221.0,625.0,148.7
209.0,593.0,148.9
263.0,578.0,148.8
225.0,548.0,149.0
191.0,560.0,149.5
178.0,513.0,150.3
160.0,619.0,150.8
48.0,486.0,152.1
167.0,762.0,154.0
96.0,492.0,155.7
-59.0,333.0,161.7
-207.0,485.0,171.0
-42.0,18.0,177.1
-173.0,306.0,189.9
-5.0,212.0,201.6
-177.0,357.0,207.0
-25.0,40.0,215.7
-59.0,327.0,221.0
-30.0,247.0,222.8
-25.0,118.0,221.2
21.0,-186.0,203.2
60.0,190.0,188.2
-16.0,134.0,162.2
-39.0,79.0,147.0
-116.0,408.0,148.8
-188.0,234.0,137.2
-177.0,644.0,135.4
-201.0,236.0,135.1
-145.0,205.0,134.4
20.0,276.0,132.9
37.0,282.0,132.0
214.0,606.0,130.2
129.0,344.0,128.5
195.0,560.0,127.5
93.0,-327.0,122.6
-110.0,53.0,108.6
-49.0,50.0,88.1
73.0,-154.0,-33.5
285.0,75.0,-88.9
387.0,-284.0,-98.5
265.0,68.0,-106.9
296.0,103.0,-110.6
171.0,-55.0,-112.4
292.0,-232.0,-109.3
143.0,-84.0,-87.4
262.0,-238.0,-65.3
37.0,91.0,2.8
-266.0,-303.0,49.5
-74.0,482.0,59.5
-229.0,-39.0,67.7
-328.0,-75.0,70.4
2.0,248.0,69.6
68.0,106.0,66.0
238.0,294.0,62.2
271.0,246.0,60.2
273.0,257.0,57.7
218.0,221.0,56.9
203.0,192.0,56.6
134.0,138.0,56.8
105.0,127.0,57.5
119.0,146.0,57.8
115.0,164.0,58.4
158.0,206.0,58.5
142.0,195.0,58.5
170.0,204.0,58.6
159.0,181.0,58.6
153.0,178.0,58.7
147.0,160.0,58.9
140.0,161.0,59.1
162.0,152.0,59.5
147.0,164.0,60.5
142.0,148.0,61.0
153.0,156.0,62.3
149.0,159.0,64.5
119.0,152.0,66.0
-,-,-
-90.0,272.0,163.9
-79.0,241.0,163.5
-124.0,303.0,163.0
-106.0,316.0,162.2
-113.0,303.0,161.7
-86.0,297.0,160.7
-73.0,317.0,159.5
-118.0,304.0,159.0
-58.0,310.0,157.8
-40.0,363.0,157.2
-42.0,402.0,156.4
-60.0,372.0,155.7
-62.0,386.0,155.2
0.0,493.0,154.1
-8.0,510.0,152.8
-14.0,482.0,152.2
36.0,530.0,150.9
125.0,579.0,149.4
105.0,510.0,148.8
180.0,534.0,147.6
212.0,454.0,146.2
260.0,602.0,145.6
298.0,548.0,144.4
316.0,579.0,143.3
378.0,591.0,142.9
384.0,593.0,142.4
354.0,566.0,142.4
314.0,563.0,142.4
318.0,579.0,142.8
317.0,615.0,143.2
257.0,667.0,143.6
276.0,603.0,144.6
266.0,784.0,146.2
307.0,492.0,147.6
126.0,471.0,152.5
-86.0,122.0,160.0
-198.0,-23.0,164.8
-192.0,130.0,177.9
-60.0,381.0,191.8
-119.0,241.0,198.3
-60.0,216.0,208.3
8.0,221.0,213.3
31.0,251.0,213.9
110.0,210.0,213.1
161.0,11.0,197.6
6.0,-57.0,184.1
11.0,42.0,156.4
13.0,139.0,139.7
72.0,624.0,134.6
-56.0,366.0,129.1
-291.0,347.0,128.0
-192.0,176.0,127.6
-223.0,353.0,126.3
13.0,306.0,124.2
111.0,337.0,122.9
246.0,425.0,120.5
197.0,600.0,119.0
289.0,388.0,117.9
-40.0,314.0,115.9
-82.0,80.0,108.8
-163.0,413.0,97.6
-111.0,-289.0,-11.1
75.0,76.0,-102.0
101.0,-446.0,-112.4
343.0,-264.0,-118.5
258.0,-71.0,-120.2
221.0,-101.0,-121.1
181.0,-297.0,-121.1
205.0,-464.0,-114.3
253.0,-210.0,-106.1
467.0,-29.0,-80.8
16.0,-239.0,-48.2
-267.0,169.0,-30.7
160.0,-68.0,0.9
97.0,232.0,20.6
57.0,220.0,24.8
92.0,340.0,29.6
301.0,226.0,30.1
394.0,420.0,29.8
470.0,319.0,28.5
470.0,296.0,27.5
443.0,257.0,27.2
304.0,201.0,27.0
237.0,178.0,27.3
241.0,195.0,27.5
267.0,230.0,27.9
298.0,264.0,28.2
293.0,269.0,28.3
335.0,248.0,28.4
347.0,249.0,28.5
328.0,228.0,28.7
362.0,215.0,29.2
374.0,199.0,30.5
359.0,213.0,31.6
362.0,208.0,35.1
265.0,168.0,39.9
-,-,-
-12.0,328.0,143.4
-1.0,331.0,143.1
-4.0,362.0,142.8
5.0,329.0,142.8
32.0,334.0,143.4
-53.0,348.0,144.0
-16.0,350.0,145.1
-152.0,374.0,146.0
24.0,409.0,146.9
-30.0,441.0,148.7
-37.0,390.0,149.6
-56.0,393.0,151.3
-50.0,445.0,152.6
-85.0,434.0,153.3
-68.0,422.0,154.6
-69.0,424.0,155.5
-63.0,491.0,155.9
-142.0,454.0,157.0
-131.0,432.0,157.1
-86.0,461.0,156.8
-105.0,448.0,156.2
4.0,552.0,155.2
38.0,568.0,-156.4
31.0,569.0,154.1
19.0,586.0,153.6
42.0,515.0,153.3
23.0,557.0,153.1
92.0,684.0,152.6
46.0,673.0,152.4
22.0,585.0,152.7
81.0,616.0,152.6
117.0,560.0,152.6
81.0,588.0,153.0
125.0,616.0,153.0
118.0,610.0,153.1
113.0,604.0,153.5
94.0,594.0,153.8
87.0,593.0,154.0
64.0,580.0,154.4
94.0,700.0,154.6
35.0,784.0,154.7
145.0,815.0,155.3
109.0,719.0,157.0
109.0,578.0,158.9
-94.0,427.0,164.6
-151.0,107.0,174.2
-163.0,289.0,180.6
-182.0,273.0,195.6
-127.0,173.0,209.2
-67.0,-38.0,214.4
-176.0,267.0,220.8
-96.0,149.0,221.8
-34.0,151.0,221.0
271.0,109.0,213.6
86.0,33.0,192.2
165.0,76.0,178.6
-7.0,180.0,157.8
-58.0,281.0,146.7
-151.0,281.0,143.3
-246.0,485.0,140.2
-285.0,361.0,138.8
-229.0,298.0,138.3
-41.0,443.0,135.9
112.0,366.0,133.0
161.0,374.0,131.4
233.0,616.0,129.1
327.0,927.0,127.9
-46.0,498.0,127.8
-363.0,119.0,127.9
-252.0,106.0,123.8
-228.0,170.0,114.7
130.0,-209.0,5.5
232.0,-116.0,-92.7
379.0,-143.0,-101.4
357.0,-130.0,-106.5
275.0,2.0,-109.2
192.0,-105.0,-110.5
213.0,-203.0,-106.4
354.0,-234.0,-93.1
207.0,-1.0,-80.2
-27.0,-232.0,-33.7
-209.0,148.0,13.2
-274.0,74.0,24.1
313.0,171.0,32.9
229.0,272.0,37.3
196.0,151.0,38.7
231.0,335.0,39.0
357.0,291.0,37.4
322.0,294.0,36.7
468.0,324.0,35.8
421.0,269.0,35.5
-,-,-
-95.0,289.0,163.0
-103.0,299.0,164.3
-157.0,299.0,165.6
-149.0,297.0,165.9
-86.0,331.0,165.9
-148.0,348.0,165.8
-83.0,354.0,165.6
-105.0,365.0,166.0
-129.0,323.0,166.7
-201.0,364.0,166.9
-224.0,452.0,166.7
-215.0,329.0,165.9
-175.0,371.0,165.3
-147.0,422.0,164.2
-164.0,507.0,163.4
-128.0,494.0,163.0
-118.0,477.0,162.2
-135.0,486.0,161.2
-117.0,517.0,160.7
-113.0,521.0,159.9
-120.0,538.0,159.0
-101.0,516.0,158.6
-81.0,554.0,157.7
-63.0,533.0,156.7
-37.0,495.0,156.2
-46.0,589.0,155.5
-21.0,578.0,154.5
7.0,613.0,154.1
29.0,569.0,153.5
76.0,627.0,152.7
67.0,614.0,152.4
105.0,649.0,152.2
102.0,619.0,152.1
83.0,603.0,152.1
69.0,602.0,152.5
34.0,602.0,152.7
32.0,603.0,152.8
29.0,633.0,153.0
42.0,596.0,153.1
26.0,651.0,153.3
-11.0,631.0,153.6
-39.0,476.0,154.3
166.0,818.0,154.8
149.0,767.0,157.2
-58.0,526.0,162.6
31.0,-13.0,166.9
-310.0,349.0,179.7
-212.0,131.0,199.7
-263.0,-288.0,212.5
-160.0,85.0,247.4
-18.0,90.0,291.8
122.0,69.0,-310.5
102.0,113.0,-272.0
102.0,19.0,-247.3
132.0,-78.0,-239.6
-27.0,-318.0,-251.2
65.0,-198.0,186.6
-23.0,292.0,156.0
-269.0,31.0,144.4
-133.0,-162.0,141.3
-251.0,160.0,141.1
-449.0,-11.0,139.8
-211.0,225.0,136.7
-7.0,232.0,140.7
-68.0,257.0,133.1
5.0,307.0,130.7
-60.0,570.0,129.1
-48.0,351.0,123.4
-202.0,114.0,113.4
-158.0,287.0,99.4
-102.0,-300.0,-27.0
-64.0,-151.0,-103.2
469.0,-284.0,-112.5
410.0,-195.0,-119.3
428.0,-137.0,-121.1
452.0,-38.0,-121.4
359.0,21.0,-122.8
399.0,-14.0,-123.4
262.0,-156.0,-122.8
350.0,-254.0,-118.4
145.0,-266.0,-106.3
78.0,-362.0,-91.8
-191.0,6.0,-37.3
-80.0,123.0,7.1
-16.0,-219.0,19.1
-46.0,54.0,36.0
-6.0,309.0,44.0
86.0,277.0,44.7
141.0,255.0,43.6
321.0,213.0,40.9
396.0,275.0,39.9
432.0,338.0,38.8
389.0,293.0,38.7
295.0,224.0,39.0
278.0,182.0,40.4
276.0,179.0,42.9
370.0,134.0,44.7
200.0,170.0,51.2
73.0,208.0,60.0
72.0,211.0,64.9
-20.0,337.0,74.6
-,-,-
-39.0,442.0,147.1
-55.0,451.0,147.4
-48.0,468.0,147.5
-59.0,444.0,147.8
-48.0,456.0,147.8
-40.0,460.0,148.3
-25.0,442.0,148.5
-57.0,481.0,149.4
-89.0,436.0,149.9
-39.0,421.0,151.3
-141.0,375.0,153.2
-157.0,396.0,154.0
-105.0,467.0,154.9
-128.0,450.0,155.4
-128.0,430.0,155.6
-46.0,467.0,155.2
-74.0,491.0,154.9
-7.0,587.0,154.7
-68.0,620.0,155.0
-75.0,598.0,155.4
-55.0,525.0,156.4
-46.0,551.0,156.8
-79.0,549.0,157.1
-98.0,510.0,157.8
-102.0,551.0,158.3
-55.0,553.0,158.3
-26.0,558.0,158.4
-35.0,599.0,158.3
-36.0,535.0,158.2
-50.0,639.0,158.3
8.0,580.0,158.0
-12.0,535.0,157.7
25.0,617.0,157.3
43.0,638.0,157.1
51.0,605.0,157.0
26.0,596.0,157.2
23.0,586.0,157.1
29.0,622.0,157.2
32.0,618.0,157.2
15.0,591.0,157.1
21.0,604.0,157.1
41.0,609.0,157.2
32.0,595.0,157.2
26.0,592.0,157.2
8.0,586.0,157.2
11.0,586.0,157.3
2.0,589.0,157.4
33.0,593.0,157.3
24.0,610.0,157.5
-15.0,658.0,157.6
6.0,905.0,157.8
197.0,515.0,158.3
20.0,662.0,161.1
72.0,435.0,166.1
-115.0,273.0,169.8
-280.0,542.0,180.5
-284.0,-32.0,193.9
-172.0,63.0,200.0
-13.0,161.0,210.0
19.0,138.0,213.8
-62.0,321.0,219.5
-22.0,205.0,224.7
-2.0,130.0,226.1
-99.0,-120.0,217.0
0.0,-207.0,190.0
-55.0,-4.0,174.6
-109.0,317.0,152.4
-157.0,515.0,141.7
-86.0,630.0,138.5
-177.0,334.0,136.1
-243.0,224.0,134.2
-137.0,304.0,133.2
130.0,392.0,130.5
196.0,540.0,128.0
335.0,723.0,126.9
272.0,510.0,124.2
-17.0,210.0,120.4
-134.0,420.0,115.8
-155.0,-367.0,74.0
184.0,-481.0,-54.9
142.0,-23.0,-80.0
362.0,-28.0,-96.8
204.0,52.0,-100.5
361.0,1.0,-101.8
221.0,-135.0,-102.0
287.0,-299.0,-91.6
224.0,-107.0,-80.6
-161.0,-85.0,-42.4
20.0,-81.0,3.4
-393.0,110.0,22.5
-262.0,-98.0,44.8
300.0,392.0,53.1
-4.0,37.0,54.0
-7.0,64.0,53.3
359.0,264.0,50.7
481.0,325.0,49.4
-,-,-
-54.0,455.0,153.8
-72.0,466.0,154.0
-34.0,469.0,154.1
-41.0,457.0,154.1
-47.0,480.0,154.2
-4.0,460.0,154.3
0.0,457.0,154.8
9.0,483.0,155.2
-74.0,485.0,156.4
-43.0,498.0,157.5
-30.0,501.0,159.8
-13.0,534.0,162.6
-79.0,453.0,164.4
-158.0,423.0,168.0
-140.0,443.0,170.5
-141.0,489.0,171.3
-142.0,484.0,172.3
-161.0,509.0,172.6
-168.0,498.0,172.4
-154.0,514.0,171.7
-142.0,532.0,171.3
-154.0,502.0,170.2
-120.0,471.0,168.9
-81.0,474.0,168.0
-27.0,519.0,166.5
-20.0,500.0,165.2
-21.0,483.0,164.7
20.0,537.0,163.8
20.0,508.0,162.9
24.0,499.0,162.5
-4.0,517.0,161.6
47.0,564.0,160.6
74.0,605.0,160.3
69.0,580.0,159.8
71.0,579.0,159.4
59.0,551.0,-256.2
130.0,588.0,158.6
115.0,575.0,158.2
158.0,635.0,158.0
191.0,580.0,157.9
155.0,569.0,158.0
132.0,572.0,158.2
128.0,603.0,158.6
113.0,553.0,159.0
110.0,564.0,159.1
87.0,560.0,159.4
84.0,555.0,159.6
107.0,561.0,159.6
103.0,555.0,159.5
107.0,559.0,159.3
114.0,561.0,159.2
132.0,564.0,158.9
134.0,593.0,158.8
175.0,642.0,158.7
175.0,686.0,158.7
241.0,725.0,159.0
135.0,478.0,160.2
236.0,563.0,161.6
174.0,575.0,167.8
-311.0,354.0,173.4
-188.0,11.0,191.9
-349.0,91.0,204.6
-184.0,-399.0,238.0
-262.0,173.0,269.2
-99.0,-12.0,283.4
-46.0,126.0,306.2
205.0,-5.0,-307.9
99.0,179.0,-303.8
88.0,-130.0,-294.9
-16.0,-214.0,-294.9
-14.0,-380.0,277.7
143.0,-141.0,156.5
-60.0,257.0,141.0
-123.0,243.0,130.9
-149.0,397.0,128.2
-263.0,313.0,127.8
-353.0,519.0,126.6
-48.0,270.0,123.7
127.0,478.0,122.3
185.0,320.0,119.4
216.0,314.0,117.4
194.0,461.0,116.8
209.0,286.0,116.3
169.0,452.0,114.4
32.0,376.0,111.5
-116.0,-145.0,97.2
-48.0,-118.0,37.0
13.0,-434.0,-31.3
273.0,-136.0,-91.7
314.0,-263.0,-105.7
456.0,-445.0,-108.9
341.0,-139.0,-114.2
184.0,-137.0,-118.0
276.0,-123.0,-118.4
231.0,-190.0,-114.0
280.0,-81.0,-94.9
173.0,-235.0,-75.9
-186.0,79.0,-18.8
-333.0,-188.0,32.8
-261.0,246.0,47.1
-,-,-
-170.0,485.0,181.6
-182.0,440.0,182.3
-178.0,445.0,182.7
-80.0,478.0,182.8
-157.0,495.0,183.8
-202.0,439.0,184.3
-206.0,472.0,184.7
-202.0,476.0,184.7
-251.0,438.0,184.5
-195.0,443.0,183.6
-117.0,497.0,183.0
-168.0,455.0,182.0
-190.0,450.0,181.5
-148.0,468.0,181.4
-187.0,445.0,181.1
-195.0,461.0,180.7
-123.0,515.0,180.0
-185.0,444.0,179.4
-194.0,415.0,179.0
-166.0,437.0,178.0
-156.0,442.0,176.4
-124.0,458.0,175.4
-110.0,458.0,173.7
-95.0,440.0,171.9
-54.0,492.0,171.0
-45.0,540.0,169.9
-45.0,468.0,169.0
-56.0,506.0,168.6
-21.0,478.0,167.8
-43.0,485.0,166.7
-25.0,506.0,166.2
-22.0,412.0,165.5
16.0,552.0,164.9
23.0,468.0,164.6
42.0,545.0,164.1
46.0,521.0,163.9
53.0,552.0,163.9
13.0,501.0,164.1
12.0,516.0,164.3
30.0,556.0,164.3
90.0,677.0,164.6
78.0,727.0,165.5
43.0,573.0,166.4
65.0,436.0,169.6
40.0,251.0,176.5
-168.0,294.0,181.8
-136.0,-205.0,194.6
-167.0,19.0,206.0
-190.0,323.0,209.8
-38.0,221.0,215.0
-65.0,98.0,218.7
-60.0,68.0,217.6
-100.0,-50.0,202.3
-70.0,-118.0,180.2
10.0,24.0,170.6
-133.0,311.0,156.6
-42.0,180.0,149.5
-146.0,401.0,147.8
-81.0,259.0,145.7
23.0,334.0,143.3
33.0,360.0,142.3
-28.0,228.0,141.2
63.0,303.0,140.5
42.0,295.0,140.4
27.0,295.0,140.4
-117.0,531.0,139.8
59.0,298.0,138.2
19.0,419.0,132.6
-121.0,263.0,119.1
-60.0,187.0,100.4
41.0,-83.0,0.9
79.0,111.0,-65.0
237.0,-92.0,-78.0
204.0,-16.0,-92.4
309.0,-27.0,-103.5
16.0,-60.0,-109.1
114.0,-240.0,-108.6
50.0,-255.0,-82.1
-88.0,-309.0,-49.6
28.0,-1.0,26.2
-34.0,307.0,59.3
-49.0,384.0,64.4
42.0,248.0,69.2
-26.0,238.0,70.2
114.0,303.0,70.1
267.0,502.0,68.5
292.0,244.0,66.2
319.0,289.0,65.4
303.0,319.0,64.7
231.0,245.0,64.6
213.0,235.0,64.7
167.0,221.0,65.1
171.0,252.0,65.5
209.0,273.0,65.6
185.0,261.0,65.9
169.0,239.0,65.9
176.0,264.0,65.9
-,-,-
-93.0,393.0,171.1
-172.0,394.0,173.9
-176.0,406.0,175.2
-191.0,381.0,175.6
-185.0,378.0,175.9
-195.0,413.0,175.8
-197.0,445.0,175.7
-174.0,438.0,175.3
-146.0,445.0,174.5
-130.0,456.0,174.1
-155.0,495.0,173.4
-97.0,475.0,172.4
-95.0,477.0,171.9
-65.0,528.0,171.0
-54.0,534.0,169.8
-30.0,556.0,169.2
-14.0,575.0,168.3
-45.0,546.0,167.5
-35.0,571.0,167.1
-18.0,589.0,166.4
-21.0,526.0,165.9
5.0,523.0,165.6
34.0,667.0,164.7
142.0,526.0,164.0
158.0,660.0,163.8
174.0,554.0,163.5
77.0,552.0,163.4
188.0,629.0,163.3
204.0,625.0,163.1
154.0,552.0,163.0
140.0,564.0,162.9
149.0,547.0,162.9
175.0,557.0,162.8
161.0,550.0,162.7
176.0,554.0,162.7
158.0,548.0,162.7
153.0,541.0,162.7
158.0,539.0,162.7
169.0,556.0,162.7
152.0,535.0,162.8
151.0,534.0,162.7
165.0,544.0,162.7
178.0,555.0,162.7
202.0,567.0,162.5
240.0,598.0,162.5
253.0,545.0,162.8
220.0,405.0,163.7
258.0,752.0,164.5
303.0,634.0,167.3
194.0,568.0,173.9
42.0,750.0,179.3
-240.0,94.0,196.7
-225.0,497.0,208.0
-235.0,257.0,235.0
-159.0,-135.0,260.4
-273.0,98.0,269.5
-183.0,32.0,286.2
69.0,41.0,296.6
110.0,87.0,299.8
118.0,117.0,305.7
-65.0,-121.0,310.0
-61.0,-70.0,306.5
-93.0,-200.0,273.4
-261.0,147.0,214.1
-136.0,-187.0,189.0
-257.0,111.0,161.1
-245.0,-37.0,150.0
-393.0,-264.0,146.9
-192.0,-36.0,140.4
87.0,254.0,134.0
94.0,399.0,131.4
147.0,289.0,127.9
173.0,280.0,124.8
186.0,232.0,123.8
65.0,895.0,121.8
91.0,285.0,115.2
-126.0,200.0,108.1
-160.0,326.0,28.8
-187.0,-390.0,-109.7
-157.0,-346.0,-119.1
272.0,-283.0,-120.1
489.0,-402.0,-117.8
432.0,-352.0,-116.6
491.0,-258.0,-116.1
318.0,-317.0,-117.0
324.0,-325.0,-116.6
405.0,-443.0,-111.7
115.0,-311.0,-98.5
142.0,-194.0,-86.5
-154.0,-169.0,-50.7
-145.0,130.0,-12.4
-,-,-
-53.0,387.0,169.7
-29.0,398.0,170.1
-71.0,393.0,171.1
-91.0,409.0,172.2
-129.0,391.0,172.7
-2.0,455.0,172.9
-29.0,407.0,173.8
-14.0,432.0,174.4
-92.0,458.0,176.3
-119.0,408.0,177.2
-133.0,412.0,178.5
-50.0,488.0,178.5
-44.0,489.0,178.4
-34.0,468.0,178.4
-25.0,493.0,178.3
-26.0,491.0,178.3
-144.0,461.0,178.4
-113.0,497.0,177.7
-166.0,488.0,177.2
-183.0,424.0,175.7
-36.0,518.0,173.4
-18.0,504.0,172.3
29.0,525.0,170.6
120.0,555.0,169.0
159.0,574.0,168.4
215.0,560.0,167.7
230.0,548.0,167.2
188.0,551.0,167.1
222.0,561.0,167.2
286.0,565.0,167.2
325.0,588.0,167.3
248.0,592.0,168.4
136.0,501.0,169.0
281.0,627.0,169.1
169.0,499.0,169.3
258.0,597.0,169.2
228.0,559.0,169.1
252.0,495.0,168.9
264.0,513.0,168.6
340.0,565.0,168.6
299.0,536.0,168.6
312.0,516.0,168.9
309.0,540.0,169.1
290.0,543.0,169.5
242.0,533.0,170.0
217.0,533.0,170.2
237.0,537.0,170.4
227.0,538.0,170.4
260.0,539.0,170.3
257.0,523.0,170.1
218.0,509.0,169.9
270.0,542.0,169.6
234.0,498.0,169.6
250.0,582.0,169.4
290.0,504.0,169.6
318.0,557.0,170.0
139.0,313.0,172.0
272.0,754.0,173.3
26.0,413.0,177.8
-213.0,404.0,182.0
-352.0,286.0,196.2
-296.0,1.0,221.6
-227.0,22.0,239.4
-176.0,-68.0,281.1
-28.0,-182.0,301.6
-18.0,69.0,-293.5
74.0,155.0,-271.7
173.0,-15.0,-265.0
-123.0,-88.0,-261.0
-67.0,-544.0,-276.4
-74.0,-62.0,286.1
-214.0,-23.0,145.8
159.0,218.0,125.5
100.0,85.0,122.5
34.0,614.0,123.7
8.0,776.0,125.3
92.0,421.0,124.8
193.0,389.0,122.8
346.0,402.0,120.4
404.0,394.0,119.7
406.0,550.0,119.0
237.0,606.0,118.8
307.0,513.0,118.6
79.0,438.0,116.7
126.0,291.0,112.1
157.0,321.0,108.0
23.0,274.0,87.6
-82.0,-204.0,-32.5
-265.0,-366.0,-86.2
253.0,-282.0,-107.8
296.0,-119.0,-109.7
470.0,-265.0,-109.4
153.0,-66.0,-108.6
152.0,-344.0,-106.4
494.0,-178.0,-103.4
261.0,-536.0,-85.9
-45.0,-358.0,-42.3
-441.0,134.0,-11.1
-4.0,-242.0,36.0
287.0,639.0,54.7
475.0,581.0,56.9
314.0,252.0,57.0
373.0,336.0,56.0
-,-,-
-178.0,433.0,189.3
-187.0,426.0,189.2
-174.0,415.0,189.1
-187.0,416.0,189.0
-173.0,406.0,188.7
-166.0,433.0,188.5
-149.0,476.0,188.0
-126.0,476.0,187.9
-220.0,477.0,187.7
-189.0,506.0,186.6
-224.0,502.0,186.2
-274.0,421.0,184.7
-240.0,428.0,182.9
-196.0,393.0,182.1
-224.0,383.0,180.3
-141.0,447.0,179.1
-148.0,422.0,176.8
-48.0,500.0,174.2
-9.0,509.0,173.3
33.0,509.0,172.5
-55.0,470.0,173.3
-81.0,461.0,174.0
-164.0,405.0,175.8
-184.0,429.0,177.5
-213.0,415.0,178.2
-256.0,399.0,179.2
-217.0,378.0,179.3
-192.0,410.0,179.2
-180.0,426.0,179.2
-186.0,393.0,179.4
-145.0,421.0,179.4
-126.0,424.0,179.4
-92.0,430.0,179.3
-73.0,453.0,179.0
-48.0,445.0,178.3
-51.0,466.0,177.9
-28.0,481.0,177.8
-39.0,465.0,177.6
-30.0,465.0,177.2
11.0,519.0,176.9
61.0,581.0,176.2
61.0,516.0,175.4
114.0,563.0,175.0
114.0,541.0,174.3
114.0,507.0,173.7
130.0,531.0,173.5
157.0,546.0,173.1
126.0,514.0,172.9
139.0,552.0,172.9
121.0,529.0,173.1
111.0,518.0,173.2
101.0,509.0,173.4
100.0,512.0,173.5
107.0,515.0,173.6
101.0,531.0,173.7
103.0,518.0,173.8
132.0,569.0,173.8
146.0,575.0,173.9
196.0,790.0,174.0
100.0,444.0,174.5
58.0,473.0,176.7
-77.0,440.0,182.2
-206.0,238.0,187.0
-190.0,93.0,203.1
-234.0,204.0,235.2
-87.0,-192.0,258.3
-143.0,-128.0,299.0
-56.0,-45.0,-306.0
-3.0,7.0,-298.8
46.0,64.0,-291.7
-2.0,104.0,-290.1
37.0,-64.0,-289.9
-5.0,-13.0,-309.5
-19.0,-44.0,293.3
-290.0,-14.0,210.1
-151.0,31.0,157.3
89.0,373.0,146.0
-2.0,476.0,137.1
-115.0,628.0,134.6
-35.0,578.0,134.0
-111.0,282.0,132.2
162.0,307.0,128.8
214.0,339.0,127.0
362.0,863.0,124.3
320.0,365.0,121.0
430.0,517.0,119.0
212.0,326.0,108.1
-361.0,-451.0,42.0
-91.0,-385.0,-53.2
-17.0,-550.0,-113.3
295.0,-309.0,-119.4
190.0,-284.0,-120.4
-,-,-
-131.0,487.0,187.5
-150.0,473.0,187.7
-136.0,473.0,187.9
-152.0,483.0,188.1
-175.0,468.0,188.3
-154.0,492.0,188.3
-157.0,481.0,188.3
-161.0,525.0,188.2
-136.0,453.0,188.3
-197.0,479.0,188.9
-312.0,499.0,189.6
-218.0,453.0,189.9
-205.0,494.0,189.5
-208.0,475.0,189.1
-208.0,454.0,187.9
-164.0,444.0,185.7
-168.0,455.0,184.5
-157.0,439.0,182.3
-109.0,458.0,179.8
-93.0,488.0,178.6
-39.0,538.0,176.4
-46.0,461.0,174.8
-2.0,487.0,173.9
36.0,529.0,171.9
42.0,516.0,169.9
69.0,525.0,169.1
37.0,494.0,168.7
-49.0,458.0,169.0
-104.0,435.0,169.4
-110.0,445.0,170.6
-131.0,396.0,171.6
-139.0,400.0,172.2
-143.0,439.0,173.3
-172.0,408.0,174.3
-166.0,405.0,174.6
-102.0,449.0,174.7
-80.0,453.0,174.7
-75.0,450.0,174.8
-79.0,441.0,175.0
-81.0,452.0,174.9
-62.0,477.0,174.8
-93.0,471.0,174.6
-48.0,459.0,174.7
-77.0,531.0,174.8
-38.0,562.0,174.8
-1.0,461.0,174.3
16.0,428.0,173.9
-14.0,480.0,173.5
54.0,515.0,172.6
66.0,520.0,172.1
125.0,532.0,171.8
69.0,521.0,171.4
98.0,528.0,171.2
87.0,529.0,171.1
90.0,519.0,170.9
89.0,525.0,170.9
86.0,520.0,170.8
82.0,524.0,170.7
66.0,523.0,170.7
53.0,511.0,170.6
58.0,512.0,170.5
85.0,505.0,170.1
100.0,500.0,169.8
106.0,511.0,169.4
3.0,529.0,169.1
137.0,651.0,169.1
174.0,600.0,169.5
-18.0,428.0,169.9
125.0,250.0,171.3
147.0,666.0,173.0
56.0,73.0,179.3
-220.0,339.0,195.2
-293.0,199.0,206.3
-158.0,-533.0,249.1
-203.0,-45.0,291.5
88.0,-59.0,310.0
113.0,30.0,-290.3
76.0,149.0,-280.9
61.0,10.0,-272.5
97.0,-17.0,-271.8
245.0,-168.0,-278.1
-131.0,-168.0,260.8
-293.0,-117.0,182.2
-78.0,167.0,164.9
-55.0,258.0,149.5
-159.0,201.0,144.2
-366.0,614.0,142.6
-157.0,359.0,139.6
110.0,294.0,136.4
186.0,343.0,134.4
230.0,326.0,131.6
261.0,516.0,130.3
58.0,589.0,130.1
143.0,1119.0,128.3
-56.0,175.0,122.7
-248.0,348.0,115.9
-359.0,-225.0,7.2
82.0,-293.0,-96.9
-,-,-
-122.0,444.0,190.5
-106.0,464.0,190.3
32642.0,464.0,190.2
-149.0,445.0,190.1
-193.0,407.0,189.2
-97.0,452.0,188.2
-155.0,462.0,186.2
-198.0,465.0,183.8
-214.0,471.0,182.3
-191.0,450.0,178.7
-77.0,468.0,175.1
-65.0,514.0,173.5
-5.0,503.0,171.2
16.0,478.0,168.6
50.0,481.0,167.0
94.0,456.0,163.8
178.0,469.0,161.6
177.0,502.0,160.9
121.0,535.0,161.3
-15.0,474.0,162.2
-58.0,442.0,162.6
-58.0,462.0,163.3
-49.0,459.0,164.5
-121.0,415.0,165.3
-119.0,451.0,166.9
-93.0,431.0,168.2
-81.0,455.0,-159.9
-52.0,471.0,170.5
-2.0,493.0,171.5
-8.0,450.0,171.9
45.0,507.0,172.4
90.0,530.0,172.7
82.0,529.0,172.8
55.0,546.0,173.2
-1.0,460.0,173.8
-2.0,486.0,174.2
19.0,528.0,174.9
7.0,505.0,175.6
-7.0,525.0,176.0
49.0,576.0,176.6
75.0,520.0,176.8
102.0,516.0,176.8
159.0,562.0,176.7
229.0,540.0,-162.0
230.0,608.0,176.5
209.0,549.0,176.5
218.0,539.0,176.5
234.0,593.0,176.6
248.0,555.0,176.5
225.0,529.0,176.6
233.0,530.0,176.6
244.0,534.0,176.7
243.0,539.0,176.8
189.0,540.0,177.0
189.0,543.0,177.1
217.0,549.0,177.1
215.0,542.0,177.2
216.0,538.0,177.2
200.0,546.0,177.2
216.0,551.0,177.2
205.0,549.0,177.2
193.0,543.0,177.1
172.0,529.0,177.1
200.0,561.0,177.1
233.0,559.0,176.9
194.0,551.0,177.1
202.0,599.0,177.4
99.0,461.0,177.7
51.0,497.0,178.7
313.0,609.0,179.4
298.0,787.0,184.2
-101.0,770.0,197.0
-193.0,336.0,208.1
-202.0,-261.0,239.4
-257.0,70.0,277.1
-144.0,-34.0,295.9
-155.0,14.0,-303.9
79.0,69.0,-287.9
29.0,128.0,-283.3
164.0,-26.0,-274.4
2.0,-267.0,-273.9
54.0,-231.0,-281.7
-29.0,-325.0,291.6
-147.0,-79.0,215.3
-321.0,84.0,192.8
-253.0,317.0,173.6
-534.0,295.0,167.8
-189.0,60.0,165.5
-233.0,331.0,161.1
10.0,176.0,156.5
0.0,151.0,154.8
86.0,798.0,152.3
-,-,-
-5.0,426.0,164.9
7.0,406.0,164.9
10.0,405.0,165.2
24.0,428.0,165.6
3.0,422.0,165.8
14.0,406.0,166.3
3.0,409.0,166.8
25.0,416.0,167.7
1.0,456.0,168.3
144.0,447.0,169.7
112.0,457.0,171.2
-7.0,451.0,174.9
-84.0,447.0,178.6
-60.0,443.0,180.3
-187.0,423.0,183.4
-111.0,473.0,185.1
-139.0,476.0,185.7
-121.0,451.0,187.0
-181.0,425.0,187.6
-120.0,461.0,187.4
-63.0,480.0,186.8
-49.0,496.0,186.4
-4.0,488.0,185.9
14.0,487.0,185.4
-5.0,491.0,185.2
31.0,502.0,185.0
19.0,517.0,184.8
27.0,488.0,184.7
80.0,546.0,184.5
55.0,541.0,184.3
84.0,552.0,184.2
133.0,588.0,184.0
154.0,601.0,183.8
171.0,536.0,183.8
155.0,531.0,184.3
228.0,574.0,184.4
95.0,539.0,184.5
208.0,559.0,184.8
157.0,509.0,185.2
252.0,603.0,185.4
149.0,559.0,185.7
161.0,541.0,185.6
176.0,542.0,185.5
233.0,557.0,184.9
263.0,529.0,184.6
244.0,488.0,184.5
324.0,510.0,184.4
279.0,518.0,184.6
266.0,518.0,184.8
224.0,528.0,185.2
224.0,520.0,185.7
226.0,531.0,185.8
200.0,528.0,186.0
212.0,531.0,186.2
234.0,522.0,186.2
268.0,529.0,186.0
277.0,526.0,185.8
276.0,529.0,185.7
274.0,527.0,185.7
263.0,521.0,185.7
227.0,520.0,185.8
228.0,535.0,185.7
243.0,512.0,185.7
242.0,513.0,185.7
238.0,511.0,185.7
211.0,523.0,185.6
245.0,525.0,185.5
249.0,507.0,185.5
242.0,511.0,185.5
246.0,503.0,185.5
264.0,585.0,185.8
411.0,726.0,186.1
496.0,740.0,187.7
107.0,513.0,191.8
286.0,541.0,195.3
-110.0,818.0,208.8
-63.0,609.0,236.0
-348.0,-48.0,255.1
-122.0,-217.0,288.4
-208.0,141.0,301.4
-80.0,-91.0,-308.2
-48.0,277.0,-298.5
57.0,128.0,-294.8
138.0,-20.0,-289.5
-132.0,-397.0,-295.5
-183.0,-120.0,313.4
-246.0,-174.0,234.5
55.0,233.0,173.6
-201.0,17.0,160.7
132.0,313.0,150.1
-103.0,579.0,147.1
-124.0,362.0,145.6
213.0,749.0,142.8
248.0,303.0,139.2
242.0,287.0,137.7
296.0,309.0,135.7
493.0,905.0,135.0
425.0,584.0,134.7
403.0,401.0,133.0
-194.0,-290.0,126.9
-299.0,13.0,113.8
-263.0,-202.0,-67.2
-129.0,26.0,-110.9
315.0,-284.0,-112.7
255.0,-508.0,-111.6
